Sample, R1, STROBE, L
176000, 0, 0, 0
176260, 0, 1, 1
176267, 0, 0, 1
176273, 0, 1, 1
176280, 0, 0, 1
176285, 0, 1, 1
176292, 0, 0, 1
176298, 0, 1, 1
176305, 0, 0, 1
176311, 0, 1, 1
176318, 0, 0, 1
176324, 0, 1, 1
176331, 0, 0, 1
176337, 0, 1, 1
176344, 0, 0, 1
176349, 0, 1, 1
176356, 0, 0, 1
176362, 0, 1, 1
176369, 0, 0, 1
176375, 0, 1, 1
176382, 0, 0, 1
176388, 0, 1, 1
176395, 0, 0, 1
176401, 0, 1, 1
176408, 0, 0, 1
176413, 0, 1, 1
176420, 0, 0, 1
176426, 0, 1, 1
176433, 0, 0, 1
176439, 0, 0, 0
176541, 0, 1, 1
176548, 0, 0, 1
176554, 0, 1, 1
176561, 0, 0, 1
176567, 0, 1, 1
176574, 0, 0, 1
176580, 0, 1, 1
176587, 0, 0, 1
176593, 0, 1, 1
176600, 0, 0, 1
176605, 0, 1, 1
176612, 0, 0, 1
176618, 0, 1, 1
176625, 0, 0, 1
176631, 0, 1, 1
176638, 0, 0, 1
176644, 0, 1, 1
176651, 0, 0, 1
176657, 0, 1, 1
176664, 0, 0, 1
176669, 0, 1, 1
176676, 0, 0, 1
176682, 0, 1, 1
176689, 0, 0, 1
176695, 0, 0, 0
176797, 0, 1, 0
176804, 0, 0, 0
176810, 0, 1, 1
176817, 0, 0, 1
176823, 0, 1, 1
176830, 0, 0, 1
176836, 0, 1, 1
176843, 0, 0, 1
176848, 0, 0, 0
176951, 0, 1, 1
176958, 0, 0, 1
176964, 0, 1, 1
176971, 0, 0, 1
176977, 0, 1, 1
176984, 0, 0, 1
176989, 0, 1, 1
176996, 0, 0, 1
177002, 0, 1, 1
177009, 0, 0, 1
177015, 0, 1, 1
177022, 0, 0, 1
177028, 0, 1, 1
177035, 0, 0, 1
177041, 0, 1, 1
177048, 0, 0, 1
177053, 0, 1, 1
177060, 0, 0, 1
177066, 0, 1, 1
177073, 0, 0, 1
177079, 0, 1, 1
177086, 0, 0, 1
177092, 0, 1, 1
177099, 0, 0, 1
177105, 0, 1, 1
177112, 0, 0, 1
177117, 0, 1, 1
177124, 0, 0, 1
177130, 0, 0, 0
177233, 0, 1, 0
177240, 0, 0, 0
177245, 0, 1, 0
177252, 0, 0, 0
177258, 0, 1, 0
177265, 0, 0, 0
177271, 0, 1, 0
177278, 0, 0, 0
177284, 0, 1, 0
177291, 0, 0, 0
177296, 1, 0, 0
177297, 1, 1, 0
177304, 1, 0, 0
177309, 1, 1, 0
177316, 1, 0, 0
177322, 1, 1, 0
177329, 1, 0, 0
177335, 0, 1, 0
177342, 0, 0, 0
177347, 1, 0, 0
177348, 1, 1, 0
177355, 1, 0, 0
177361, 1, 1, 0
177368, 1, 0, 0
177373, 1, 1, 0
177380, 1, 0, 0
177386, 0, 1, 0
177393, 0, 0, 0
177399, 0, 1, 0
177406, 0, 0, 0
177412, 0, 1, 0
177419, 0, 0, 0
177425, 0, 1, 0
177432, 0, 0, 0
177437, 0, 1, 0
177444, 0, 0, 0
177450, 0, 1, 0
177457, 0, 0, 0
177463, 0, 1, 0
177470, 0, 0, 0
177476, 0, 1, 0
177483, 0, 0, 0
177489, 0, 1, 0
177496, 0, 0, 0
177501, 1, 1, 0
177508, 1, 0, 0
177514, 1, 1, 0
177521, 1, 0, 0
177527, 1, 1, 0
177534, 1, 0, 0
177539, 0, 0, 0
177540, 0, 1, 0
177547, 0, 0, 0
177552, 1, 0, 0
177553, 1, 1, 0
177560, 1, 0, 0
177565, 1, 1, 0
177573, 1, 0, 0
177578, 1, 1, 0
177585, 1, 0, 0
177591, 0, 1, 0
177598, 0, 0, 0
177604, 0, 1, 0
177611, 0, 0, 0
177617, 0, 1, 0
177624, 0, 0, 0
177629, 0, 1, 0
177637, 0, 0, 0
177642, 0, 1, 0
177649, 0, 0, 0
177655, 0, 1, 0
177662, 0, 0, 0
177668, 0, 1, 0
177675, 0, 0, 0
177681, 0, 1, 0
177688, 0, 0, 0
177693, 0, 1, 0
177701, 0, 0, 0
177706, 1, 1, 0
177713, 1, 0, 0
177719, 1, 1, 0
177726, 1, 0, 0
177732, 1, 1, 0
177739, 1, 0, 0
177744, 0, 0, 0
177745, 0, 1, 0
177752, 0, 0, 0
177757, 1, 1, 0
177765, 1, 0, 0
177770, 1, 1, 0
177777, 1, 0, 0
177783, 1, 1, 0
177790, 1, 0, 0
177795, 0, 0, 0
177796, 0, 1, 0
177803, 0, 0, 0
177809, 0, 1, 0
177816, 0, 0, 0
177821, 0, 1, 0
177829, 0, 0, 0
177834, 0, 1, 0
177841, 0, 0, 0
177847, 0, 1, 0
177854, 0, 0, 0
177860, 0, 1, 0
177867, 0, 0, 0
177873, 0, 1, 0
177880, 0, 0, 0
177885, 0, 1, 0
177893, 0, 0, 0
177898, 0, 1, 0
177905, 0, 0, 0
177911, 1, 1, 0
177918, 1, 0, 0
177924, 1, 1, 0
177931, 1, 0, 0
177937, 1, 1, 0
177944, 1, 0, 0
177949, 0, 0, 0
177950, 0, 1, 0
177957, 0, 0, 0
177962, 1, 1, 0
177969, 1, 0, 0
177975, 1, 1, 0
177982, 1, 0, 0
177988, 1, 1, 0
177995, 1, 0, 0
178000, 0, 0, 0
178001, 0, 1, 0
178008, 0, 0, 0
178013, 0, 1, 0
178021, 0, 0, 0
178026, 0, 1, 0
178033, 0, 0, 0
178039, 0, 1, 0
178046, 0, 0, 0
178052, 0, 1, 0
178059, 0, 0, 0
178065, 0, 1, 0
178072, 0, 0, 0
178077, 0, 1, 0
178085, 0, 0, 0
178090, 0, 1, 0
178097, 0, 0, 0
178103, 0, 1, 0
178110, 0, 0, 0
178115, 1, 0, 0
178116, 1, 1, 0
178123, 1, 0, 0
178129, 1, 1, 0
178136, 1, 0, 0
178141, 1, 1, 0
178149, 1, 0, 0
178154, 0, 1, 0
178161, 0, 0, 0
178167, 1, 1, 0
178174, 1, 0, 0
178180, 1, 1, 0
178187, 1, 0, 0
178193, 1, 1, 0
178200, 1, 0, 0
178205, 0, 0, 0
178206, 0, 1, 0
178213, 0, 0, 0
178218, 0, 1, 0
178225, 0, 0, 0
178231, 0, 1, 0
178238, 0, 0, 0
178244, 0, 1, 0
178251, 0, 0, 0
178257, 0, 1, 0
178264, 0, 0, 0
178270, 0, 1, 0
178277, 0, 0, 0
178282, 0, 1, 0
178289, 0, 0, 0
178295, 0, 1, 0
178302, 0, 0, 0
178308, 0, 1, 0
178315, 0, 0, 0
178320, 1, 0, 0
178321, 1, 1, 0
178328, 1, 0, 0
178334, 1, 1, 0
178341, 1, 0, 0
178346, 1, 1, 0
178353, 1, 0, 0
178359, 0, 1, 0
178366, 0, 0, 0
178371, 1, 0, 0
178372, 1, 1, 0
178379, 1, 0, 0
178385, 1, 1, 0
178392, 1, 0, 0
178398, 1, 1, 0
178405, 1, 0, 0
178410, 0, 1, 0
178417, 0, 0, 0
178423, 0, 1, 0
178430, 0, 0, 0
178436, 0, 1, 0
178443, 0, 0, 0
178449, 0, 1, 0
178456, 0, 0, 0
178462, 0, 1, 0
178469, 0, 0, 0
178474, 0, 1, 0
178481, 0, 0, 0
178487, 0, 1, 0
178494, 0, 0, 0
178500, 0, 1, 0
178507, 0, 0, 0
178513, 0, 1, 0
178520, 0, 0, 0
178525, 1, 0, 0
178526, 1, 1, 0
178533, 1, 0, 0
178538, 1, 1, 0
178545, 1, 0, 0
178551, 1, 1, 0
178558, 1, 0, 0
178563, 0, 0, 0
178564, 0, 1, 0
178571, 0, 0, 0
178576, 1, 0, 0
178577, 1, 1, 0
178584, 1, 0, 0
178590, 1, 1, 0
178597, 1, 0, 0
178602, 1, 1, 0
178609, 1, 0, 0
178615, 0, 1, 0
178622, 0, 0, 0
178628, 0, 1, 0
178635, 0, 0, 0
178641, 0, 1, 0
178648, 0, 0, 0
178654, 0, 1, 0
178661, 0, 0, 0
178666, 0, 1, 0
178673, 0, 0, 0
178679, 0, 1, 0
178686, 0, 0, 0
178692, 0, 1, 0
178699, 0, 0, 0
178705, 0, 1, 0
178712, 0, 0, 0
178718, 0, 1, 0
178725, 0, 0, 0
178730, 1, 1, 0
178737, 1, 0, 0
178743, 1, 1, 0
178750, 1, 0, 0
178756, 1, 1, 0
178763, 1, 0, 0
178768, 0, 0, 0
178769, 0, 1, 0
178776, 0, 0, 0
178781, 1, 0, 0
178782, 1, 1, 0
178789, 1, 0, 0
178794, 1, 1, 0
178801, 1, 0, 0
178807, 1, 1, 0
178814, 1, 0, 0
178820, 0, 1, 1
178827, 0, 0, 1
178833, 0, 1, 1
178840, 0, 0, 1
178846, 0, 1, 1
178853, 0, 0, 1
178858, 0, 1, 1
178865, 0, 0, 1
178871, 0, 0, 0
178973, 0, 0, 1
178974, 0, 1, 1
178981, 0, 0, 1
178986, 0, 1, 1
178993, 0, 0, 1
178999, 0, 1, 1
179006, 0, 0, 1
179012, 0, 1, 1
179019, 0, 0, 1
179025, 0, 1, 1
179032, 0, 0, 1
179038, 0, 1, 1
179045, 0, 0, 1
179050, 0, 1, 1
179057, 0, 0, 1
179063, 0, 1, 1
179070, 0, 0, 1
179076, 0, 1, 1
179083, 0, 0, 1
179089, 0, 1, 1
179096, 0, 0, 1
179102, 0, 1, 1
179109, 0, 0, 1
179114, 0, 1, 1
179121, 0, 0, 1
179127, 0, 1, 1
179134, 0, 0, 1
179140, 0, 1, 1
179147, 0, 0, 1
179153, 0, 0, 0
179255, 0, 1, 0
179262, 0, 0, 0
179267, 1, 0, 0
179268, 1, 1, 0
179275, 1, 0, 0
179281, 1, 1, 0
179288, 1, 0, 0
179294, 1, 1, 0
179301, 1, 0, 0
179306, 1, 1, 0
179313, 1, 0, 0
179319, 1, 1, 0
179326, 1, 0, 0
179332, 0, 1, 0
179339, 0, 0, 0
179345, 0, 1, 0
179352, 0, 0, 0
179357, 1, 0, 0
179358, 1, 1, 0
179365, 1, 0, 0
179370, 0, 1, 0
179377, 0, 0, 0
179383, 0, 1, 0
179390, 0, 0, 0
179396, 0, 1, 0
179403, 0, 0, 0
179409, 0, 1, 0
179416, 0, 0, 0
179422, 0, 1, 0
179429, 0, 0, 0
179434, 0, 1, 0
179441, 0, 0, 0
179447, 0, 1, 0
179454, 0, 0, 0
179460, 0, 1, 0
179467, 0, 0, 0
179472, 1, 0, 0
179473, 1, 1, 0
179480, 1, 0, 0
179486, 1, 1, 0
179493, 1, 0, 0
179498, 1, 1, 0
179505, 1, 0, 0
179511, 1, 1, 0
179518, 1, 0, 0
179524, 1, 1, 0
179531, 1, 0, 0
179536, 0, 0, 0
179537, 0, 1, 0
179544, 0, 0, 0
179550, 0, 1, 0
179557, 0, 0, 0
179562, 1, 1, 0
179569, 1, 0, 0
179575, 0, 1, 0
179582, 0, 0, 0
179588, 0, 1, 0
179595, 0, 0, 0
179601, 0, 1, 0
179608, 0, 0, 0
179614, 0, 1, 0
179621, 0, 0, 0
179626, 0, 1, 0
179633, 0, 0, 0
179639, 0, 1, 0
179646, 0, 0, 0
179652, 0, 1, 0
179659, 0, 0, 0
179665, 0, 1, 0
179672, 0, 0, 0
179677, 1, 0, 0
179678, 1, 1, 0
179685, 1, 0, 0
179690, 1, 1, 0
179697, 1, 0, 0
179703, 1, 1, 0
179710, 1, 0, 0
179716, 1, 1, 0
179723, 1, 0, 0
179729, 1, 1, 0
179736, 1, 0, 0
179741, 0, 0, 0
179742, 0, 1, 0
179749, 0, 0, 0
179754, 0, 1, 0
179761, 0, 0, 0
179767, 1, 1, 0
179774, 1, 0, 0
179780, 0, 1, 0
179787, 0, 0, 0
179793, 0, 1, 0
179800, 0, 0, 0
179806, 0, 1, 0
179813, 0, 0, 0
179818, 0, 1, 0
179825, 0, 0, 0
179831, 0, 1, 0
179838, 0, 0, 0
179844, 0, 1, 0
179851, 0, 0, 0
179857, 0, 1, 0
179864, 0, 0, 0
179870, 0, 1, 0
179877, 0, 0, 0
179882, 1, 1, 0
179889, 1, 0, 0
179895, 1, 1, 0
179902, 1, 0, 0
179908, 1, 1, 0
179915, 1, 0, 0
179921, 1, 1, 0
179928, 1, 0, 0
179934, 1, 1, 0
179941, 1, 0, 0
179946, 0, 1, 0
179953, 0, 0, 0
179959, 0, 1, 0
179966, 0, 0, 0
179971, 1, 0, 0
179972, 1, 1, 0
179979, 1, 0, 0
179984, 0, 0, 0
179985, 0, 1, 0
179992, 0, 0, 0
179998, 0, 1, 0
180005, 0, 0, 0
180010, 0, 1, 0
180017, 0, 0, 0
180023, 0, 1, 0
180030, 0, 0, 0
180036, 0, 1, 0
180043, 0, 0, 0
180049, 0, 1, 0
180056, 0, 0, 0
180062, 0, 1, 0
180069, 0, 0, 0
180074, 0, 1, 0
180081, 0, 0, 0
180087, 1, 1, 0
180094, 1, 0, 0
180100, 1, 1, 0
180107, 1, 0, 0
180113, 1, 1, 0
180120, 1, 0, 0
180126, 1, 1, 0
180133, 1, 0, 0
180138, 1, 1, 0
180145, 1, 0, 0
180151, 0, 1, 0
180158, 0, 0, 0
180164, 0, 1, 0
180171, 0, 0, 0
180176, 1, 0, 0
180177, 1, 1, 0
180184, 1, 0, 0
180189, 0, 0, 0
180190, 0, 1, 0
180197, 0, 0, 0
180202, 0, 1, 0
180209, 0, 0, 0
180215, 0, 1, 0
180222, 0, 0, 0
180228, 0, 1, 0
180235, 0, 0, 0
180241, 0, 1, 0
180248, 0, 0, 0
180254, 0, 1, 0
180261, 0, 0, 0
180266, 0, 1, 0
180273, 0, 0, 0
180279, 0, 1, 0
180286, 0, 0, 0
180291, 1, 0, 0
180292, 1, 1, 0
180299, 1, 0, 0
180305, 1, 1, 0
180312, 1, 0, 0
180318, 1, 1, 0
180325, 1, 0, 0
180330, 1, 1, 0
180337, 1, 0, 0
180343, 1, 1, 0
180350, 1, 0, 0
180356, 0, 1, 0
180363, 0, 0, 0
180369, 0, 1, 0
180376, 0, 0, 0
180381, 1, 0, 0
180382, 1, 1, 0
180389, 1, 0, 0
180394, 0, 1, 0
180401, 0, 0, 0
180407, 0, 1, 0
180414, 0, 0, 0
180420, 0, 1, 0
180427, 0, 0, 0
180433, 0, 1, 0
180440, 0, 0, 0
180446, 0, 1, 0
180453, 0, 0, 0
180458, 0, 1, 0
180465, 0, 0, 0
180471, 0, 1, 0
180478, 0, 0, 0
180484, 0, 1, 0
180491, 0, 0, 0
180496, 1, 0, 0
180497, 1, 1, 0
180504, 1, 0, 0
180510, 1, 1, 0
180517, 1, 0, 0
180522, 1, 1, 0
180529, 1, 0, 0
180535, 1, 1, 0
180542, 1, 0, 0
180548, 1, 1, 0
180555, 1, 0, 0
180560, 0, 0, 0
180561, 0, 1, 0
180568, 0, 0, 0
180574, 0, 1, 0
180581, 0, 0, 0
180586, 1, 1, 0
180593, 1, 0, 0
180599, 0, 1, 0
180606, 0, 0, 0
180612, 0, 1, 0
180619, 0, 0, 0
180625, 0, 1, 0
180632, 0, 0, 0
180638, 0, 1, 0
180645, 0, 0, 0
180650, 0, 1, 0
180657, 0, 0, 0
180663, 0, 1, 0
180670, 0, 0, 0
180676, 0, 1, 0
180683, 0, 0, 0
180689, 0, 1, 0
180696, 0, 0, 0
180701, 1, 0, 0
180702, 1, 1, 0
180709, 1, 0, 0
180714, 1, 1, 0
180721, 1, 0, 0
180727, 1, 1, 0
180734, 1, 0, 0
180740, 1, 1, 0
180747, 1, 0, 0
180753, 1, 1, 0
180760, 1, 0, 0
180765, 0, 0, 0
180766, 0, 1, 0
180773, 0, 0, 0
180778, 0, 1, 0
180785, 0, 0, 0
180791, 1, 1, 0
180798, 1, 0, 0
180804, 0, 1, 0
180811, 0, 0, 0
180817, 0, 1, 1
180824, 0, 0, 1
180830, 0, 1, 1
180837, 0, 0, 1
180842, 0, 1, 1
180849, 0, 0, 1
180855, 0, 1, 1
180862, 0, 0, 1
180868, 0, 1, 1
180875, 0, 0, 1
180881, 0, 1, 1
180888, 0, 0, 1
180893, 0, 0, 0
180996, 0, 1, 1
181003, 0, 0, 1
181009, 0, 1, 1
181016, 0, 0, 1
181022, 0, 1, 1
181029, 0, 0, 1
181034, 0, 1, 1
181041, 0, 0, 1
181047, 0, 1, 1
181054, 0, 0, 1
181060, 0, 1, 1
181067, 0, 0, 1
181073, 0, 1, 1
181080, 0, 0, 1
181086, 0, 1, 1
181093, 0, 0, 1
181098, 0, 1, 1
181105, 0, 0, 1
181111, 0, 1, 1
181118, 0, 0, 1
181124, 0, 1, 1
181131, 0, 0, 1
181137, 0, 1, 1
181144, 0, 0, 1
181150, 0, 1, 1
181157, 0, 0, 1
181162, 0, 1, 1
181169, 0, 0, 1
181175, 0, 0, 0
181278, 0, 1, 0
181285, 0, 0, 0
181290, 1, 1, 0
181297, 1, 0, 0
181303, 0, 1, 0
181310, 0, 0, 0
181316, 0, 1, 0
181323, 0, 0, 0
181329, 0, 1, 0
181336, 0, 0, 0
181342, 0, 1, 0
181349, 0, 0, 0
181354, 0, 1, 0
181361, 0, 0, 0
181367, 0, 1, 0
181374, 0, 0, 0
181380, 1, 1, 0
181387, 1, 0, 0
181393, 1, 1, 0
181400, 1, 0, 0
181406, 1, 1, 0
181413, 1, 0, 0
181418, 1, 1, 0
181425, 1, 0, 0
181431, 0, 1, 0
181438, 0, 0, 0
181444, 1, 1, 0
181451, 1, 0, 0
181457, 1, 1, 0
181464, 1, 0, 0
181470, 1, 1, 0
181477, 1, 0, 0
181482, 0, 1, 0
181489, 0, 0, 0
181495, 1, 1, 0
181502, 1, 0, 0
181508, 0, 1, 0
181515, 0, 0, 0
181521, 0, 1, 0
181528, 0, 0, 0
181534, 0, 1, 0
181541, 0, 0, 0
181546, 0, 1, 0
181553, 0, 0, 0
181559, 0, 1, 0
181566, 0, 0, 0
181572, 0, 1, 0
181579, 0, 0, 0
181584, 1, 0, 0
181585, 1, 1, 0
181592, 1, 0, 0
181598, 1, 1, 0
181605, 1, 0, 0
181610, 1, 1, 0
181617, 1, 0, 0
181623, 1, 1, 0
181630, 1, 0, 0
181636, 0, 1, 0
181643, 0, 0, 0
181648, 1, 0, 0
181649, 1, 1, 0
181656, 1, 0, 0
181662, 1, 1, 0
181669, 1, 0, 0
181674, 1, 1, 0
181681, 1, 0, 0
181687, 0, 1, 0
181694, 0, 0, 0
181700, 1, 1, 0
181707, 1, 0, 0
181712, 0, 0, 0
181713, 0, 1, 0
181720, 0, 0, 0
181726, 0, 1, 0
181733, 0, 0, 0
181738, 0, 1, 0
181745, 0, 0, 0
181751, 0, 1, 0
181758, 0, 0, 0
181764, 0, 1, 0
181771, 0, 0, 0
181777, 0, 1, 0
181784, 0, 0, 0
181789, 1, 0, 0
181790, 1, 1, 0
181797, 1, 0, 0
181802, 1, 1, 0
181809, 1, 0, 0
181815, 1, 1, 0
181822, 1, 0, 0
181828, 1, 1, 0
181835, 1, 0, 0
181840, 0, 0, 0
181841, 0, 1, 0
181848, 0, 0, 0
181853, 1, 0, 0
181854, 1, 1, 0
181861, 1, 0, 0
181866, 1, 1, 0
181873, 1, 0, 0
181879, 1, 1, 0
181886, 1, 0, 0
181892, 0, 1, 0
181899, 0, 0, 0
181904, 1, 0, 0
181905, 1, 1, 0
181912, 1, 0, 0
181917, 0, 0, 0
181918, 0, 1, 0
181925, 0, 0, 0
181930, 0, 1, 0
181937, 0, 0, 0
181943, 0, 1, 0
181950, 0, 0, 0
181956, 0, 1, 0
181963, 0, 0, 0
181969, 0, 1, 0
181976, 0, 0, 0
181982, 0, 1, 0
181989, 0, 0, 0
181994, 1, 1, 0
182001, 1, 0, 0
182007, 1, 1, 0
182014, 1, 0, 0
182020, 1, 1, 0
182027, 1, 0, 0
182033, 1, 1, 0
182040, 1, 0, 0
182045, 0, 0, 0
182046, 0, 1, 0
182053, 0, 0, 0
182058, 1, 1, 0
182065, 1, 0, 0
182071, 1, 1, 0
182078, 1, 0, 0
182084, 1, 1, 0
182091, 1, 0, 0
182096, 0, 0, 0
182097, 0, 1, 0
182104, 0, 0, 0
182109, 1, 0, 0
182110, 1, 1, 0
182117, 1, 0, 0
182122, 0, 1, 0
182129, 0, 0, 0
182135, 0, 1, 0
182142, 0, 0, 0
182148, 0, 1, 0
182155, 0, 0, 0
182161, 0, 1, 0
182168, 0, 0, 0
182174, 0, 1, 0
182181, 0, 0, 0
182186, 0, 1, 0
182193, 0, 0, 0
182199, 1, 1, 0
182206, 1, 0, 0
182212, 1, 1, 0
182219, 1, 0, 0
182225, 1, 1, 0
182232, 1, 0, 0
182238, 1, 1, 0
182245, 1, 0, 0
182250, 0, 1, 0
182257, 0, 0, 0
182263, 1, 1, 0
182270, 1, 0, 0
182276, 1, 1, 0
182283, 1, 0, 0
182289, 1, 1, 0
182296, 1, 0, 0
182301, 0, 0, 0
182302, 0, 1, 0
182309, 0, 0, 0
182314, 1, 1, 0
182321, 1, 0, 0
182327, 0, 1, 0
182334, 0, 0, 0
182340, 0, 1, 0
182347, 0, 0, 0
182353, 0, 1, 0
182360, 0, 0, 0
182366, 0, 1, 0
182373, 0, 0, 0
182378, 0, 1, 0
182385, 0, 0, 0
182391, 0, 1, 0
182398, 0, 0, 0
182404, 1, 1, 0
182411, 1, 0, 0
182417, 1, 1, 0
182424, 1, 0, 0
182430, 1, 1, 0
182437, 1, 0, 0
182442, 1, 1, 0
182449, 1, 0, 0
182455, 0, 1, 0
182462, 0, 0, 0
182468, 1, 1, 0
182475, 1, 0, 0
182481, 1, 1, 0
182488, 1, 0, 0
182494, 1, 1, 0
182501, 1, 0, 0
182506, 0, 1, 0
182514, 0, 0, 0
182519, 1, 1, 0
182526, 1, 0, 0
182532, 0, 1, 0
182539, 0, 0, 0
182545, 0, 1, 0
182552, 0, 0, 0
182558, 0, 1, 0
182565, 0, 0, 0
182570, 0, 1, 0
182578, 0, 0, 0
182583, 0, 1, 0
182590, 0, 0, 0
182596, 0, 1, 0
182603, 0, 0, 0
182608, 1, 0, 0
182609, 1, 1, 0
182616, 1, 0, 0
182622, 1, 1, 0
182629, 1, 0, 0
182634, 1, 1, 0
182642, 1, 0, 0
182647, 1, 1, 0
182654, 1, 0, 0
182660, 0, 1, 0
182667, 0, 0, 0
182672, 1, 0, 0
182673, 1, 1, 0
182680, 1, 0, 0
182686, 1, 1, 0
182693, 1, 0, 0
182698, 1, 1, 0
182706, 1, 0, 0
182711, 0, 1, 0
182718, 0, 0, 0
182724, 1, 1, 0
182731, 1, 0, 0
182736, 0, 0, 0
182737, 0, 1, 0
182744, 0, 0, 0
182750, 0, 1, 0
182757, 0, 0, 0
182762, 0, 1, 0
182770, 0, 0, 0
182775, 0, 1, 0
182782, 0, 0, 0
182788, 0, 1, 0
182795, 0, 0, 0
182801, 0, 1, 0
182808, 0, 0, 0
182813, 1, 0, 1
182814, 1, 1, 1
182821, 1, 0, 1
182826, 1, 1, 1
182834, 1, 0, 1
182839, 1, 1, 1
182846, 1, 0, 1
182852, 1, 1, 1
182859, 1, 0, 1
182864, 0, 0, 1
182865, 0, 1, 1
182872, 0, 0, 1
182877, 1, 0, 1
182878, 1, 1, 1
182885, 1, 0, 1
182890, 1, 1, 1
182898, 1, 0, 1
182903, 1, 1, 1
182910, 1, 0, 1
182916, 0, 0, 0
183018, 0, 1, 1
183026, 0, 0, 1
183031, 0, 1, 1
183038, 0, 0, 1
183044, 0, 1, 1
183051, 0, 0, 1
183057, 0, 1, 1
183064, 0, 0, 1
183070, 0, 1, 1
183077, 0, 0, 1
183082, 0, 1, 1
183090, 0, 0, 1
183095, 0, 1, 1
183102, 0, 0, 1
183108, 0, 1, 1
183115, 0, 0, 1
183121, 0, 1, 1
183128, 0, 0, 1
183134, 0, 1, 1
183141, 0, 0, 1
183146, 0, 1, 1
183154, 0, 0, 1
183159, 0, 1, 1
183166, 0, 0, 1
183172, 0, 1, 1
183179, 0, 0, 1
183185, 0, 1, 1
183192, 0, 0, 1
183197, 0, 0, 0
183300, 0, 1, 0
183307, 0, 0, 0
183312, 1, 0, 0
183313, 1, 1, 0
183320, 1, 0, 0
183325, 0, 0, 0
183326, 0, 1, 0
183333, 0, 0, 0
183339, 0, 1, 0
183346, 0, 0, 0
183351, 0, 1, 0
183358, 0, 0, 0
183364, 0, 1, 0
183371, 0, 0, 0
183377, 0, 1, 0
183384, 0, 0, 0
183390, 0, 1, 0
183397, 0, 0, 0
183403, 0, 1, 0
183410, 0, 0, 0
183415, 1, 1, 0
183422, 1, 0, 0
183428, 0, 1, 0
183435, 0, 0, 0
183441, 0, 1, 0
183448, 0, 0, 0
183454, 0, 1, 0
183461, 0, 0, 0
183467, 0, 1, 0
183474, 0, 0, 0
183479, 0, 1, 0
183486, 0, 0, 0
183492, 0, 1, 0
183499, 0, 0, 0
183505, 0, 1, 0
183512, 0, 0, 0
183517, 1, 0, 0
183518, 1, 1, 0
183525, 1, 0, 0
183530, 0, 0, 0
183531, 0, 1, 0
183538, 0, 0, 0
183543, 0, 1, 0
183550, 0, 0, 0
183556, 0, 1, 0
183563, 0, 0, 0
183569, 0, 1, 0
183576, 0, 0, 0
183582, 0, 1, 0
183589, 0, 0, 0
183595, 0, 1, 0
183602, 0, 0, 0
183607, 0, 1, 0
183614, 0, 0, 0
183620, 1, 1, 0
183627, 1, 0, 0
183633, 0, 1, 0
183640, 0, 0, 0
183646, 0, 1, 0
183653, 0, 0, 0
183659, 0, 1, 0
183666, 0, 0, 0
183671, 0, 1, 0
183678, 0, 0, 0
183684, 0, 1, 0
183691, 0, 0, 0
183697, 0, 1, 0
183704, 0, 0, 0
183710, 0, 1, 0
183717, 0, 0, 0
183722, 1, 0, 0
183723, 1, 1, 0
183730, 1, 0, 0
183735, 0, 1, 0
183742, 0, 0, 0
183748, 0, 1, 0
183755, 0, 0, 0
183761, 0, 1, 0
183768, 0, 0, 0
183774, 0, 1, 0
183781, 0, 0, 0
183787, 0, 1, 0
183794, 0, 0, 0
183799, 0, 1, 0
183806, 0, 0, 0
183812, 0, 1, 0
183819, 0, 0, 0
183824, 1, 0, 0
183825, 1, 1, 0
183832, 1, 0, 0
183837, 0, 0, 0
183838, 0, 1, 0
183845, 0, 0, 0
183851, 0, 1, 0
183858, 0, 0, 0
183863, 0, 1, 0
183870, 0, 0, 0
183876, 0, 1, 0
183883, 0, 0, 0
183889, 0, 1, 0
183896, 0, 0, 0
183902, 0, 1, 0
183909, 0, 0, 0
183915, 0, 1, 0
183922, 0, 0, 0
183927, 1, 1, 0
183934, 1, 0, 0
183940, 0, 1, 0
183947, 0, 0, 0
183953, 0, 1, 0
183960, 0, 0, 0
183966, 0, 1, 0
183973, 0, 0, 0
183979, 0, 1, 0
183986, 0, 0, 0
183991, 0, 1, 0
183998, 0, 0, 0
184004, 0, 1, 0
184011, 0, 0, 0
184017, 0, 1, 0
184024, 0, 0, 0
184029, 1, 0, 0
184030, 1, 1, 0
184037, 1, 0, 0
184042, 0, 0, 0
184043, 0, 1, 0
184050, 0, 0, 0
184055, 0, 1, 0
184062, 0, 0, 0
184068, 0, 1, 0
184075, 0, 0, 0
184081, 0, 1, 0
184088, 0, 0, 0
184094, 0, 1, 0
184101, 0, 0, 0
184107, 0, 1, 0
184114, 0, 0, 0
184119, 0, 1, 0
184126, 0, 0, 0
184132, 1, 1, 0
184139, 1, 0, 0
184145, 0, 1, 0
184152, 0, 0, 0
184158, 0, 1, 0
184165, 0, 0, 0
184171, 0, 1, 0
184178, 0, 0, 0
184183, 0, 1, 0
184190, 0, 0, 0
184196, 0, 1, 0
184203, 0, 0, 0
184209, 0, 1, 0
184216, 0, 0, 0
184222, 0, 1, 0
184229, 0, 0, 0
184234, 1, 0, 0
184235, 1, 1, 0
184242, 1, 0, 0
184247, 0, 1, 0
184254, 0, 0, 0
184260, 0, 1, 0
184267, 0, 0, 0
184273, 0, 1, 0
184280, 0, 0, 0
184286, 0, 1, 0
184293, 0, 0, 0
184299, 0, 1, 0
184306, 0, 0, 0
184311, 0, 1, 0
184318, 0, 0, 0
184324, 0, 1, 0
184331, 0, 0, 0
184336, 1, 0, 0
184337, 1, 1, 0
184344, 1, 0, 0
184349, 0, 0, 0
184350, 0, 1, 0
184357, 0, 0, 0
184363, 0, 1, 0
184370, 0, 0, 0
184375, 0, 1, 0
184382, 0, 0, 0
184388, 0, 1, 0
184395, 0, 0, 0
184401, 0, 1, 0
184408, 0, 0, 0
184414, 0, 1, 0
184421, 0, 0, 0
184427, 0, 1, 0
184434, 0, 0, 0
184439, 1, 1, 0
184446, 1, 0, 0
184452, 0, 1, 0
184459, 0, 0, 0
184465, 0, 1, 0
184472, 0, 0, 0
184478, 0, 1, 0
184485, 0, 0, 0
184491, 0, 1, 0
184498, 0, 0, 0
184503, 0, 1, 0
184510, 0, 0, 0
184516, 0, 1, 0
184523, 0, 0, 0
184529, 0, 1, 0
184536, 0, 0, 0
184541, 1, 0, 0
184542, 1, 1, 0
184549, 1, 0, 0
184554, 0, 0, 0
184555, 0, 1, 0
184562, 0, 0, 0
184567, 0, 1, 0
184574, 0, 0, 0
184580, 0, 1, 0
184587, 0, 0, 0
184593, 0, 1, 0
184600, 0, 0, 0
184606, 0, 1, 0
184613, 0, 0, 0
184619, 0, 1, 0
184626, 0, 0, 0
184631, 0, 1, 0
184638, 0, 0, 0
184644, 1, 1, 0
184651, 1, 0, 0
184657, 0, 1, 0
184664, 0, 0, 0
184670, 0, 1, 0
184677, 0, 0, 0
184683, 0, 1, 0
184690, 0, 0, 0
184695, 0, 1, 0
184702, 0, 0, 0
184708, 0, 1, 0
184715, 0, 0, 0
184721, 0, 1, 0
184728, 0, 0, 0
184734, 0, 1, 0
184741, 0, 0, 0
184746, 1, 0, 0
184747, 1, 1, 0
184754, 1, 0, 0
184759, 0, 1, 0
184766, 0, 0, 0
184772, 0, 1, 0
184779, 0, 0, 0
184785, 0, 1, 0
184792, 0, 0, 0
184798, 0, 1, 0
184805, 0, 0, 0
184810, 0, 0, 1
184811, 0, 1, 1
184818, 0, 0, 1
184823, 0, 1, 1
184830, 0, 0, 1
184836, 0, 1, 1
184843, 0, 0, 1
184848, 1, 0, 1
184849, 1, 1, 1
184856, 1, 0, 1
184861, 0, 0, 1
184862, 0, 1, 1
184869, 0, 0, 1
184875, 0, 1, 1
184882, 0, 0, 1
184887, 0, 1, 1
184894, 0, 0, 1
184900, 0, 1, 1
184907, 0, 0, 1
184913, 0, 1, 1
184920, 0, 0, 1
184926, 0, 1, 1
184933, 0, 0, 1
184938, 0, 0, 0
185041, 0, 1, 1
185048, 0, 0, 1
185054, 0, 1, 1
185061, 0, 0, 1
185067, 0, 1, 1
185074, 0, 0, 1
185079, 0, 1, 1
185086, 0, 0, 1
185092, 0, 1, 1
185099, 0, 0, 1
185105, 0, 1, 1
185112, 0, 0, 1
185118, 0, 1, 1
185125, 0, 0, 1
185131, 0, 1, 1
185138, 0, 0, 1
185143, 0, 1, 1
185150, 0, 0, 1
185156, 0, 1, 1
185163, 0, 0, 1
185169, 0, 1, 1
185176, 0, 0, 1
185182, 0, 1, 1
185189, 0, 0, 1
185195, 0, 1, 1
185202, 0, 0, 1
185207, 0, 1, 1
185214, 0, 0, 1
185220, 0, 0, 0
185323, 0, 1, 0
185330, 0, 0, 0
185335, 0, 1, 0
185342, 0, 0, 0
185348, 0, 1, 0
185355, 0, 0, 0
185361, 0, 1, 0
185368, 0, 0, 0
185374, 0, 1, 0
185381, 0, 0, 0
185387, 0, 1, 0
185394, 0, 0, 0
185399, 0, 1, 0
185406, 0, 0, 0
185412, 0, 1, 0
185419, 0, 0, 0
185425, 0, 1, 0
185432, 0, 0, 0
185438, 0, 1, 0
185445, 0, 0, 0
185451, 0, 1, 0
185458, 0, 0, 0
185463, 0, 1, 0
185470, 0, 0, 0
185476, 1, 1, 0
185483, 1, 0, 0
185489, 0, 1, 0
185496, 0, 0, 0
185502, 0, 1, 0
185509, 0, 0, 0
185515, 0, 1, 0
185522, 0, 0, 0
185527, 0, 1, 0
185534, 0, 0, 0
185540, 0, 1, 0
185547, 0, 0, 0
185553, 0, 1, 0
185560, 0, 0, 0
185566, 0, 1, 0
185573, 0, 0, 0
185579, 0, 1, 0
185586, 0, 0, 0
185591, 0, 1, 0
185598, 0, 0, 0
185604, 0, 1, 0
185611, 0, 0, 0
185617, 0, 1, 0
185624, 0, 0, 0
185630, 0, 1, 0
185637, 0, 0, 0
185643, 0, 1, 0
185650, 0, 0, 0
185655, 0, 1, 0
185662, 0, 0, 0
185668, 0, 1, 0
185675, 0, 0, 0
185681, 1, 1, 0
185688, 1, 0, 0
185693, 0, 0, 0
185694, 0, 1, 0
185701, 0, 0, 0
185707, 0, 1, 0
185714, 0, 0, 0
185719, 0, 1, 0
185726, 0, 0, 0
185732, 0, 1, 0
185739, 0, 0, 0
185745, 0, 1, 0
185752, 0, 0, 0
185758, 0, 1, 0
185765, 0, 0, 0
185771, 0, 1, 0
185778, 0, 0, 0
185783, 0, 1, 0
185790, 0, 0, 0
185796, 0, 1, 0
185803, 0, 0, 0
185809, 0, 1, 0
185816, 0, 0, 0
185822, 0, 1, 0
185829, 0, 0, 0
185835, 0, 1, 0
185842, 0, 0, 0
185847, 0, 1, 0
185854, 0, 0, 0
185860, 0, 1, 0
185867, 0, 0, 0
185873, 0, 1, 0
185880, 0, 0, 0
185885, 1, 0, 0
185886, 1, 1, 0
185893, 1, 0, 0
185898, 0, 0, 0
185899, 0, 1, 0
185906, 0, 0, 0
185911, 0, 1, 0
185918, 0, 0, 0
185924, 0, 1, 0
185931, 0, 0, 0
185937, 0, 1, 0
185944, 0, 0, 0
185950, 0, 1, 0
185957, 0, 0, 0
185963, 0, 1, 0
185970, 0, 0, 0
185975, 0, 1, 0
185982, 0, 0, 0
185988, 0, 1, 0
185995, 0, 0, 0
186001, 0, 1, 0
186008, 0, 0, 0
186014, 0, 1, 0
186021, 0, 0, 0
186027, 0, 1, 0
186034, 0, 0, 0
186039, 0, 1, 0
186046, 0, 0, 0
186052, 0, 1, 0
186059, 0, 0, 0
186065, 0, 1, 0
186072, 0, 0, 0
186078, 0, 1, 0
186085, 0, 0, 0
186090, 1, 0, 0
186091, 1, 1, 0
186098, 1, 0, 0
186103, 0, 1, 0
186110, 0, 0, 0
186116, 0, 1, 0
186123, 0, 0, 0
186129, 0, 1, 0
186136, 0, 0, 0
186142, 0, 1, 0
186149, 0, 0, 0
186155, 0, 1, 0
186162, 0, 0, 0
186167, 0, 1, 0
186174, 0, 0, 0
186180, 0, 1, 0
186187, 0, 0, 0
186193, 0, 1, 0
186200, 0, 0, 0
186206, 0, 1, 0
186213, 0, 0, 0
186219, 0, 1, 0
186226, 0, 0, 0
186231, 0, 1, 0
186238, 0, 0, 0
186244, 0, 1, 0
186251, 0, 0, 0
186257, 0, 1, 0
186264, 0, 0, 0
186270, 0, 1, 0
186277, 0, 0, 0
186283, 0, 1, 0
186290, 0, 0, 0
186295, 1, 1, 0
186302, 1, 0, 0
186308, 0, 1, 0
186315, 0, 0, 0
186321, 0, 1, 0
186328, 0, 0, 0
186334, 0, 1, 0
186341, 0, 0, 0
186347, 0, 1, 0
186354, 0, 0, 0
186359, 0, 1, 0
186366, 0, 0, 0
186372, 0, 1, 0
186379, 0, 0, 0
186385, 0, 1, 0
186392, 0, 0, 0
186398, 0, 1, 0
186405, 0, 0, 0
186411, 0, 1, 0
186418, 0, 0, 0
186423, 0, 1, 0
186430, 0, 0, 0
186436, 0, 1, 0
186443, 0, 0, 0
186449, 0, 1, 0
186456, 0, 0, 0
186462, 0, 1, 0
186469, 0, 0, 0
186475, 0, 1, 0
186482, 0, 0, 0
186487, 0, 1, 0
186494, 0, 0, 0
186500, 1, 1, 0
186507, 1, 0, 0
186513, 0, 1, 0
186520, 0, 0, 0
186526, 0, 1, 0
186533, 0, 0, 0
186539, 0, 1, 0
186546, 0, 0, 0
186551, 0, 1, 0
186558, 0, 0, 0
186564, 0, 1, 0
186571, 0, 0, 0
186577, 0, 1, 0
186584, 0, 0, 0
186590, 0, 1, 0
186597, 0, 0, 0
186603, 0, 1, 0
186610, 0, 0, 0
186615, 0, 1, 0
186622, 0, 0, 0
186628, 0, 1, 0
186635, 0, 0, 0
186641, 0, 1, 0
186648, 0, 0, 0
186654, 0, 1, 0
186661, 0, 0, 0
186667, 0, 1, 0
186674, 0, 0, 0
186679, 0, 1, 0
186686, 0, 0, 0
186692, 0, 1, 0
186699, 0, 0, 0
186705, 1, 1, 0
186712, 1, 0, 0
186717, 0, 0, 0
186718, 0, 1, 0
186725, 0, 0, 0
186731, 0, 1, 0
186738, 0, 0, 0
186743, 0, 1, 0
186750, 0, 0, 0
186756, 0, 1, 0
186763, 0, 0, 0
186769, 0, 1, 0
186776, 0, 0, 0
186782, 0, 1, 0
186789, 0, 0, 0
186795, 0, 1, 0
186802, 0, 0, 0
186807, 0, 1, 0
186814, 0, 0, 0
186820, 0, 1, 0
186827, 0, 0, 0
186833, 0, 1, 0
186840, 0, 0, 0
186846, 0, 1, 0
186853, 0, 0, 0
186859, 0, 1, 0
186866, 0, 0, 0
186871, 0, 1, 0
186878, 0, 0, 0
186884, 0, 1, 0
186891, 0, 0, 0
186897, 0, 1, 0
186904, 0, 0, 0
186909, 1, 0, 0
186910, 1, 1, 0
186917, 1, 0, 0
186922, 0, 0, 0
186923, 0, 1, 0
186930, 0, 0, 0
186935, 0, 1, 1
186942, 0, 0, 1
186948, 0, 1, 1
186955, 0, 0, 1
186961, 0, 0, 0
187064, 1, 0, 0
187065, 1, 1, 0
187072, 1, 0, 0
187078, 1, 1, 0
187085, 1, 0, 0
187090, 1, 1, 0
187097, 1, 0, 0
187103, 1, 1, 0
187110, 1, 0, 0
187116, 1, 1, 0
187123, 1, 0, 0
187129, 1, 1, 0
187136, 1, 0, 0
187141, 0, 0, 0
187142, 0, 1, 0
187149, 0, 0, 0
187154, 1, 1, 0
187161, 1, 0, 0
187167, 1, 1, 0
187174, 1, 0, 0
187180, 1, 1, 0
187187, 1, 0, 0
187192, 0, 0, 0
187193, 0, 1, 0
187200, 0, 0, 0
187206, 0, 1, 0
187213, 0, 0, 0
187218, 0, 1, 0
187225, 0, 0, 0
187231, 0, 1, 0
187238, 0, 0, 0
187244, 0, 1, 0
187251, 0, 0, 0
187256, 1, 0, 0
187257, 1, 1, 0
187264, 1, 0, 0
187269, 0, 0, 0
187270, 0, 1, 0
187277, 0, 0, 0
187282, 0, 1, 0
187289, 0, 0, 0
187295, 0, 1, 0
187302, 0, 0, 0
187308, 0, 1, 0
187315, 0, 0, 0
187321, 0, 1, 0
187328, 0, 0, 0
187334, 0, 1, 0
187341, 0, 0, 0
187346, 0, 1, 0
187353, 0, 0, 0
187359, 0, 1, 0
187366, 0, 0, 0
187372, 0, 1, 0
187379, 0, 0, 0
187385, 0, 1, 0
187392, 0, 0, 0
187398, 0, 1, 0
187405, 0, 0, 0
187410, 0, 1, 0
187417, 0, 0, 0
187423, 0, 1, 0
187430, 0, 0, 0
187436, 0, 1, 0
187443, 0, 0, 0
187449, 0, 1, 0
187456, 0, 0, 0
187462, 0, 1, 0
187469, 0, 0, 0
187474, 0, 1, 0
187481, 0, 0, 0
187487, 0, 1, 0
187494, 0, 0, 0
187500, 0, 1, 0
187507, 0, 0, 0
187513, 0, 1, 0
187520, 0, 0, 0
187526, 0, 1, 0
187533, 0, 0, 0
187538, 0, 1, 0
187545, 0, 0, 0
187551, 0, 1, 0
187558, 0, 0, 0
187564, 0, 1, 0
187571, 0, 0, 0
187577, 0, 1, 0
187584, 0, 0, 0
187590, 0, 1, 0
187597, 0, 0, 0
187602, 0, 1, 0
187609, 0, 0, 0
187615, 0, 1, 0
187622, 0, 0, 0
187628, 0, 1, 0
187635, 0, 0, 0
187641, 0, 1, 0
187648, 0, 0, 0
187654, 0, 1, 0
187661, 0, 0, 0
187666, 0, 1, 0
187673, 0, 0, 0
187679, 0, 1, 0
187686, 0, 0, 0
187692, 0, 1, 0
187699, 0, 0, 0
187705, 0, 1, 0
187712, 0, 0, 0
187718, 0, 1, 0
187725, 0, 0, 0
187730, 0, 1, 0
187737, 0, 0, 0
187743, 0, 1, 0
187750, 0, 0, 0
187756, 0, 1, 0
187763, 0, 0, 0
187769, 0, 1, 0
187776, 0, 0, 0
187782, 0, 1, 0
187789, 0, 0, 0
187794, 0, 1, 0
187801, 0, 0, 0
187807, 0, 1, 0
187814, 0, 0, 0
187820, 0, 1, 0
187827, 0, 0, 0
187833, 0, 1, 0
187840, 0, 0, 0
187846, 0, 1, 0
187853, 0, 0, 0
187858, 0, 1, 0
187865, 0, 0, 0
187871, 0, 1, 0
187878, 0, 0, 0
187884, 0, 1, 0
187891, 0, 0, 0
187897, 0, 1, 0
187904, 0, 0, 0
187910, 0, 1, 0
187917, 0, 0, 0
187922, 0, 1, 0
187929, 0, 0, 0
187935, 0, 1, 0
187942, 0, 0, 0
187948, 0, 1, 0
187955, 0, 0, 0
187961, 0, 1, 0
187968, 0, 0, 0
187974, 0, 1, 0
187981, 0, 0, 0
187986, 0, 1, 0
187993, 0, 0, 0
187999, 0, 1, 0
188006, 0, 0, 0
188012, 0, 1, 0
188019, 0, 0, 0
188025, 0, 1, 0
188032, 0, 0, 0
188038, 0, 1, 0
188045, 0, 0, 0
188050, 0, 1, 0
188057, 0, 0, 0
188063, 0, 1, 0
188070, 0, 0, 0
188076, 0, 1, 0
188083, 0, 0, 0
188089, 0, 1, 0
188096, 0, 0, 0
188102, 0, 1, 0
188109, 0, 0, 0
188114, 0, 1, 0
188121, 0, 0, 0
188127, 0, 1, 0
188134, 0, 0, 0
188140, 0, 1, 0
188147, 0, 0, 0
188153, 0, 1, 0
188160, 0, 0, 0
188166, 0, 1, 0
188173, 0, 0, 0
188178, 0, 1, 0
188185, 0, 0, 0
188191, 0, 1, 0
188198, 0, 0, 0
188204, 0, 1, 0
188211, 0, 0, 0
188217, 0, 1, 0
188224, 0, 0, 0
188230, 0, 1, 0
188237, 0, 0, 0
188242, 0, 1, 0
188249, 0, 0, 0
188255, 0, 1, 0
188262, 0, 0, 0
188268, 0, 1, 0
188275, 0, 0, 0
188281, 0, 1, 0
188288, 0, 0, 0
188294, 0, 1, 0
188301, 0, 0, 0
188306, 0, 1, 0
188313, 0, 0, 0
188319, 0, 1, 0
188326, 0, 0, 0
188332, 0, 1, 0
188339, 0, 0, 0
188345, 0, 1, 0
188352, 0, 0, 0
188358, 0, 1, 0
188365, 0, 0, 0
188370, 0, 1, 0
188377, 0, 0, 0
188383, 0, 1, 0
188390, 0, 0, 0
188396, 0, 1, 0
188403, 0, 0, 0
188409, 0, 1, 0
188416, 0, 0, 0
188422, 0, 1, 0
188429, 0, 0, 0
188434, 0, 1, 0
188441, 0, 0, 0
188447, 0, 1, 0
188454, 0, 0, 0
188460, 0, 1, 0
188467, 0, 0, 0
188473, 0, 1, 0
188480, 0, 0, 0
188486, 0, 1, 0
188493, 0, 0, 0
188498, 0, 1, 0
188505, 0, 0, 0
188511, 0, 1, 0
188518, 0, 0, 0
188524, 0, 1, 0
188531, 0, 0, 0
188537, 0, 1, 0
188544, 0, 0, 0
188550, 0, 1, 0
188557, 0, 0, 0
188562, 0, 1, 0
188569, 0, 0, 0
188575, 0, 1, 0
188582, 0, 0, 0
188588, 0, 1, 0
188595, 0, 0, 0
188601, 0, 1, 0
188608, 0, 0, 0
188614, 0, 1, 0
188621, 0, 0, 0
188626, 0, 1, 0
188633, 0, 0, 0
188639, 0, 1, 0
188646, 0, 0, 0
188652, 0, 1, 0
188659, 0, 0, 0
188665, 0, 1, 0
188672, 0, 0, 0
188678, 0, 1, 0
188685, 0, 0, 0
188690, 0, 1, 1
188697, 0, 0, 1
188703, 1, 1, 0
188710, 1, 0, 0
188716, 1, 1, 0
188723, 1, 0, 0
188729, 1, 1, 0
188736, 1, 0, 0
188742, 1, 1, 0
188749, 1, 0, 0
188754, 1, 1, 0
188761, 1, 0, 0
188767, 1, 1, 0
188774, 1, 0, 0
188780, 0, 1, 0
188787, 0, 0, 0
188792, 1, 0, 0
188793, 1, 1, 0
188800, 1, 0, 0
188806, 1, 1, 0
188813, 1, 0, 0
188818, 1, 1, 0
188825, 1, 0, 0
188831, 0, 1, 0
188838, 0, 0, 0
188844, 0, 1, 0
188851, 0, 0, 0
188857, 0, 1, 0
188864, 0, 0, 0
188870, 0, 1, 0
188877, 0, 0, 0
188882, 0, 1, 0
188889, 0, 0, 0
188895, 1, 1, 0
188902, 1, 0, 0
188908, 0, 1, 0
188915, 0, 0, 0
188921, 0, 1, 0
188928, 0, 0, 0
188934, 0, 1, 0
188941, 0, 0, 0
188946, 0, 1, 0
188953, 0, 0, 0
188959, 0, 1, 0
188966, 0, 0, 0
188972, 0, 1, 0
188979, 0, 0, 0
188985, 0, 1, 0
188992, 0, 0, 0
188998, 0, 1, 0
189005, 0, 0, 0
189010, 0, 1, 0
189017, 0, 0, 0
189023, 0, 1, 0
189030, 0, 0, 0
189036, 0, 1, 0
189043, 0, 0, 0
189049, 0, 1, 0
189056, 0, 0, 0
189062, 0, 1, 0
189069, 0, 0, 0
189074, 0, 1, 0
189081, 0, 0, 0
189087, 0, 1, 0
189094, 0, 0, 0
189100, 0, 1, 0
189107, 0, 0, 0
189113, 0, 1, 0
189120, 0, 0, 0
189126, 0, 1, 0
189133, 0, 0, 0
189138, 0, 1, 0
189145, 0, 0, 0
189151, 0, 1, 0
189158, 0, 0, 0
189164, 0, 1, 0
189171, 0, 0, 0
189177, 0, 1, 0
189184, 0, 0, 0
189190, 0, 1, 0
189197, 0, 0, 0
189202, 0, 1, 0
189209, 0, 0, 0
189215, 0, 1, 0
189222, 0, 0, 0
189228, 0, 1, 0
189235, 0, 0, 0
189241, 0, 1, 0
189248, 0, 0, 0
189254, 0, 1, 0
189261, 0, 0, 0
189266, 0, 1, 0
189273, 0, 0, 0
189279, 0, 1, 0
189286, 0, 0, 0
189292, 0, 1, 0
189299, 0, 0, 0
189305, 0, 1, 0
189312, 0, 0, 0
189318, 0, 1, 0
189325, 0, 0, 0
189330, 0, 1, 0
189337, 0, 0, 0
189343, 0, 1, 0
189350, 0, 0, 0
189356, 0, 1, 0
189363, 0, 0, 0
189369, 0, 1, 0
189376, 0, 0, 0
189382, 0, 1, 0
189389, 0, 0, 0
189394, 0, 1, 0
189401, 0, 0, 0
189407, 0, 1, 0
189414, 0, 0, 0
189420, 0, 1, 0
189427, 0, 0, 0
189433, 0, 1, 0
189440, 0, 0, 0
189446, 0, 1, 0
189453, 0, 0, 0
189458, 0, 1, 0
189465, 0, 0, 0
189471, 0, 1, 0
189478, 0, 0, 0
189484, 0, 1, 0
189491, 0, 0, 0
189497, 0, 1, 0
189504, 0, 0, 0
189510, 0, 1, 0
189517, 0, 0, 0
189522, 0, 1, 0
189529, 0, 0, 0
189535, 0, 1, 0
189542, 0, 0, 0
189548, 0, 1, 0
189555, 0, 0, 0
189561, 0, 1, 0
189568, 0, 0, 0
189574, 0, 1, 0
189581, 0, 0, 0
189586, 0, 1, 0
189593, 0, 0, 0
189599, 0, 1, 0
189606, 0, 0, 0
189612, 0, 1, 0
189619, 0, 0, 0
189625, 0, 1, 0
189632, 0, 0, 0
189638, 0, 1, 0
189645, 0, 0, 0
189650, 0, 1, 0
189657, 0, 0, 0
189663, 0, 1, 0
189670, 0, 0, 0
189676, 0, 1, 0
189683, 0, 0, 0
189689, 0, 1, 0
189696, 0, 0, 0
189702, 0, 1, 0
189709, 0, 0, 0
189714, 0, 1, 0
189721, 0, 0, 0
189727, 0, 1, 0
189734, 0, 0, 0
189740, 0, 1, 0
189747, 0, 0, 0
189753, 0, 1, 0
189760, 0, 0, 0
189766, 0, 1, 0
189773, 0, 0, 0
189778, 0, 1, 0
189785, 0, 0, 0
189791, 0, 1, 0
189798, 0, 0, 0
189804, 0, 1, 0
189811, 0, 0, 0
189817, 0, 1, 0
189824, 0, 0, 0
189830, 0, 1, 0
189837, 0, 0, 0
189842, 0, 1, 0
189849, 0, 0, 0
189855, 0, 1, 0
189862, 0, 0, 0
189868, 0, 1, 0
189875, 0, 0, 0
189881, 0, 1, 0
189888, 0, 0, 0
189894, 0, 1, 0
189901, 0, 0, 0
189906, 0, 1, 0
189913, 0, 0, 0
189919, 0, 1, 0
189926, 0, 0, 0
189932, 0, 1, 0
189939, 0, 0, 0
189945, 0, 1, 0
189952, 0, 0, 0
189958, 0, 1, 0
189965, 0, 0, 0
189970, 0, 1, 0
189977, 0, 0, 0
189983, 0, 1, 0
189990, 0, 0, 0
189996, 0, 1, 0
190003, 0, 0, 0
190009, 0, 1, 0
190016, 0, 0, 0
190022, 0, 1, 0
190029, 0, 0, 0
190034, 0, 1, 0
190041, 0, 0, 0
190047, 0, 1, 0
190054, 0, 0, 0
190060, 0, 1, 0
190067, 0, 0, 0
190073, 0, 1, 0
190080, 0, 0, 0
190086, 0, 1, 0
190093, 0, 0, 0
190098, 0, 1, 0
190105, 0, 0, 0
190111, 0, 1, 0
190118, 0, 0, 0
190124, 0, 1, 0
190131, 0, 0, 0
190137, 0, 1, 0
190144, 0, 0, 0
190150, 0, 1, 0
190157, 0, 0, 0
190162, 0, 1, 0
190169, 0, 0, 0
190175, 0, 1, 0
190182, 0, 0, 0
190188, 0, 1, 0
190195, 0, 0, 0
190201, 0, 1, 0
190208, 0, 0, 0
190214, 0, 1, 0
190221, 0, 0, 0
190226, 0, 1, 0
190233, 0, 0, 0
190239, 0, 1, 0
190246, 0, 0, 0
190252, 0, 1, 0
190259, 0, 0, 0
190265, 0, 1, 0
190272, 0, 0, 0
190278, 0, 1, 0
190285, 0, 0, 0
190290, 0, 1, 0
190298, 0, 0, 0
190303, 0, 1, 0
190310, 0, 0, 0
190316, 0, 1, 0
190323, 0, 0, 0
190329, 0, 1, 1
190336, 0, 0, 1
190341, 1, 0, 0
190342, 1, 1, 0
190349, 1, 0, 0
190354, 1, 1, 0
190362, 1, 0, 0
190367, 1, 1, 0
190374, 1, 0, 0
190380, 1, 1, 0
190387, 1, 0, 0
190393, 1, 1, 0
190400, 1, 0, 0
190406, 1, 1, 0
190413, 1, 0, 0
190418, 0, 1, 0
190426, 0, 0, 0
190431, 1, 1, 0
190438, 1, 0, 0
190444, 1, 1, 0
190451, 1, 0, 0
190457, 1, 1, 0
190464, 1, 0, 0
190469, 0, 0, 0
190470, 0, 1, 0
190477, 0, 0, 0
190482, 0, 1, 0
190490, 0, 0, 0
190495, 0, 1, 0
190502, 0, 0, 0
190508, 0, 1, 0
190515, 0, 0, 0
190521, 0, 1, 0
190528, 0, 0, 0
190533, 1, 0, 0
190534, 1, 1, 0
190541, 1, 0, 0
190546, 0, 1, 0
190554, 0, 0, 0
190559, 0, 1, 0
190566, 0, 0, 0
190572, 0, 1, 0
190579, 0, 0, 0
190585, 0, 1, 0
190592, 0, 0, 0
190598, 0, 1, 0
190605, 0, 0, 0
190610, 0, 1, 0
190618, 0, 0, 0
190623, 0, 1, 0
190630, 0, 0, 0
190636, 0, 1, 0
190643, 0, 0, 0
190649, 0, 1, 0
190656, 0, 0, 0
190662, 0, 1, 0
190669, 0, 0, 0
190674, 0, 1, 0
190682, 0, 0, 0
190687, 0, 1, 0
190694, 0, 0, 0
190700, 0, 1, 0
190707, 0, 0, 0
190713, 0, 1, 0
190720, 0, 0, 0
190726, 0, 1, 0
190733, 0, 0, 0
190738, 0, 1, 0
190746, 0, 0, 0
190751, 0, 1, 0
190758, 0, 0, 0
190764, 0, 1, 0
190771, 0, 0, 0
190777, 0, 1, 0
190784, 0, 0, 0
190790, 0, 1, 0
190797, 0, 0, 0
190802, 0, 1, 0
190810, 0, 0, 0
190815, 0, 1, 0
190822, 0, 0, 0
190828, 0, 1, 0
190835, 0, 0, 0
190841, 0, 1, 0
190848, 0, 0, 0
190854, 0, 1, 0
190861, 0, 0, 0
190866, 0, 1, 0
190874, 0, 0, 0
190879, 0, 1, 0
190886, 0, 0, 0
190892, 0, 1, 0
190899, 0, 0, 0
190905, 0, 1, 0
190912, 0, 0, 0
190918, 0, 1, 0
190925, 0, 0, 0
190930, 0, 1, 0
190938, 0, 0, 0
190943, 0, 1, 0
190950, 0, 0, 0
190956, 0, 1, 0
190963, 0, 0, 0
190969, 0, 1, 0
190976, 0, 0, 0
190982, 0, 1, 0
190989, 0, 0, 0
190994, 0, 1, 0
191002, 0, 0, 0
191007, 0, 1, 0
191014, 0, 0, 0
191020, 0, 1, 0
191027, 0, 0, 0
191033, 0, 1, 0
191040, 0, 0, 0
191046, 0, 1, 0
191053, 0, 0, 0
191059, 0, 1, 0
191066, 0, 0, 0
191071, 0, 1, 0
191078, 0, 0, 0
191084, 0, 1, 0
191091, 0, 0, 0
191097, 0, 1, 0
191104, 0, 0, 0
191110, 0, 1, 0
191117, 0, 0, 0
191123, 0, 1, 0
191130, 0, 0, 0
191135, 0, 1, 0
191142, 0, 0, 0
191148, 0, 1, 0
191155, 0, 0, 0
191161, 0, 1, 0
191168, 0, 0, 0
191174, 0, 1, 0
191181, 0, 0, 0
191187, 0, 1, 0
191194, 0, 0, 0
191199, 0, 1, 0
191206, 0, 0, 0
191212, 0, 1, 0
191219, 0, 0, 0
191225, 0, 1, 0
191232, 0, 0, 0
191238, 0, 1, 0
191245, 0, 0, 0
191251, 0, 1, 0
191258, 0, 0, 0
191263, 0, 1, 0
191270, 0, 0, 0
191276, 0, 1, 0
191283, 0, 0, 0
191289, 0, 1, 0
191296, 0, 0, 0
191302, 0, 1, 0
191309, 0, 0, 0
191315, 0, 1, 0
191322, 0, 0, 0
191327, 0, 1, 0
191334, 0, 0, 0
191340, 0, 1, 0
191347, 0, 0, 0
191353, 0, 1, 0
191360, 0, 0, 0
191366, 0, 1, 0
191373, 0, 0, 0
191379, 0, 1, 0
191386, 0, 0, 0
191391, 0, 1, 0
191398, 0, 0, 0
191404, 0, 1, 0
191411, 0, 0, 0
191417, 0, 1, 0
191424, 0, 0, 0
191430, 0, 1, 0
191437, 0, 0, 0
191443, 0, 1, 0
191450, 0, 0, 0
191455, 0, 1, 0
191462, 0, 0, 0
191468, 0, 1, 0
191475, 0, 0, 0
191481, 0, 1, 0
191488, 0, 0, 0
191494, 0, 1, 0
191501, 0, 0, 0
191507, 0, 1, 0
191514, 0, 0, 0
191519, 0, 1, 0
191526, 0, 0, 0
191532, 0, 1, 0
191539, 0, 0, 0
191545, 0, 1, 0
191552, 0, 0, 0
191558, 0, 1, 0
191565, 0, 0, 0
191571, 0, 1, 0
191578, 0, 0, 0
191583, 0, 1, 0
191590, 0, 0, 0
191596, 0, 1, 0
191603, 0, 0, 0
191609, 0, 1, 0
191616, 0, 0, 0
191622, 0, 1, 0
191629, 0, 0, 0
191635, 0, 1, 0
191642, 0, 0, 0
191647, 0, 1, 0
191654, 0, 0, 0
191660, 0, 1, 0
191667, 0, 0, 0
191673, 0, 1, 0
191680, 0, 0, 0
191686, 0, 1, 0
191693, 0, 0, 0
191699, 0, 1, 0
191706, 0, 0, 0
191711, 0, 1, 0
191718, 0, 0, 0
191724, 0, 1, 0
191731, 0, 0, 0
191737, 0, 1, 0
191744, 0, 0, 0
191750, 0, 1, 0
191757, 0, 0, 0
191763, 0, 1, 0
191770, 0, 0, 0
191775, 0, 1, 0
191782, 0, 0, 0
191788, 0, 1, 0
191795, 0, 0, 0
191801, 0, 1, 0
191808, 0, 0, 0
191814, 0, 1, 0
191821, 0, 0, 0
191827, 0, 1, 0
191834, 0, 0, 0
191839, 0, 1, 0
191846, 0, 0, 0
191852, 0, 1, 0
191859, 0, 0, 0
191865, 0, 1, 0
191872, 0, 0, 0
191878, 0, 1, 0
191885, 0, 0, 0
191891, 0, 1, 0
191898, 0, 0, 0
191903, 0, 1, 0
191910, 0, 0, 0
191916, 0, 1, 0
191923, 0, 0, 0
191929, 0, 1, 0
191936, 0, 0, 0
191942, 0, 1, 0
191949, 0, 0, 0
191955, 0, 1, 0
191962, 0, 0, 0
191967, 0, 1, 1
191974, 0, 0, 1
191980, 1, 1, 0
191987, 1, 0, 0
191993, 1, 1, 0
192000, 1, 0, 0
192006, 1, 1, 0
192013, 1, 0, 0
192019, 1, 1, 0
192026, 1, 0, 0
192031, 1, 1, 0
192038, 1, 0, 0
192044, 1, 1, 0
192051, 1, 0, 0
192057, 0, 1, 0
192064, 0, 0, 0
192069, 1, 0, 0
192070, 1, 1, 0
192077, 1, 0, 0
192083, 1, 1, 0
192090, 1, 0, 0
192095, 1, 1, 0
192102, 1, 0, 0
192108, 0, 1, 0
192115, 0, 0, 0
192121, 0, 1, 0
192128, 0, 0, 0
192134, 0, 1, 0
192141, 0, 0, 0
192147, 0, 1, 0
192154, 0, 0, 0
192159, 0, 1, 0
192166, 0, 0, 0
192172, 1, 1, 0
192179, 1, 0, 0
192185, 0, 1, 0
192192, 0, 0, 0
192198, 0, 1, 0
192205, 0, 0, 0
192211, 0, 1, 0
192218, 0, 0, 0
192223, 0, 1, 0
192230, 0, 0, 0
192236, 0, 1, 0
192243, 0, 0, 0
192249, 0, 1, 0
192256, 0, 0, 0
192262, 0, 1, 0
192269, 0, 0, 0
192275, 0, 1, 0
192282, 0, 0, 0
192287, 0, 1, 0
192294, 0, 0, 0
192300, 0, 1, 0
192307, 0, 0, 0
192313, 0, 1, 0
192320, 0, 0, 0
192326, 0, 1, 0
192333, 0, 0, 0
192339, 0, 1, 0
192346, 0, 0, 0
192351, 0, 1, 0
192358, 0, 0, 0
192364, 0, 1, 0
192371, 0, 0, 0
192377, 0, 1, 0
192384, 0, 0, 0
192390, 0, 1, 0
192397, 0, 0, 0
192403, 0, 1, 0
192410, 0, 0, 0
192415, 0, 1, 0
192422, 0, 0, 0
192428, 0, 1, 0
192435, 0, 0, 0
192441, 0, 1, 0
192448, 0, 0, 0
192454, 0, 1, 0
192461, 0, 0, 0
192467, 0, 1, 0
192474, 0, 0, 0
192479, 0, 1, 0
192486, 0, 0, 0
192492, 0, 1, 0
192499, 0, 0, 0
192505, 0, 1, 0
192512, 0, 0, 0
192518, 0, 1, 0
192525, 0, 0, 0
192531, 0, 1, 0
192538, 0, 0, 0
192543, 0, 1, 0
192550, 0, 0, 0
192556, 0, 1, 0
192563, 0, 0, 0
192569, 0, 1, 0
192576, 0, 0, 0
192582, 0, 1, 0
192589, 0, 0, 0
192595, 0, 1, 0
192602, 0, 0, 0
192607, 0, 1, 0
192614, 0, 0, 0
192620, 0, 1, 0
192627, 0, 0, 0
192633, 0, 1, 0
192640, 0, 0, 0
192646, 0, 1, 0
192653, 0, 0, 0
192659, 0, 1, 0
192666, 0, 0, 0
192671, 0, 1, 0
192678, 0, 0, 0
192684, 0, 1, 0
192691, 0, 0, 0
192697, 0, 1, 0
192704, 0, 0, 0
192710, 0, 1, 0
192717, 0, 0, 0
192723, 0, 1, 0
192730, 0, 0, 0
192735, 0, 1, 0
192742, 0, 0, 0
192748, 0, 1, 0
192755, 0, 0, 0
192761, 0, 1, 0
192768, 0, 0, 0
192774, 0, 1, 0
192781, 0, 0, 0
192787, 0, 1, 0
192794, 0, 0, 0
192799, 0, 1, 0
192806, 0, 0, 0
192812, 0, 1, 0
192819, 0, 0, 0
192825, 0, 1, 0
192832, 0, 0, 0
192838, 0, 1, 0
192845, 0, 0, 0
192851, 0, 1, 0
192858, 0, 0, 0
192863, 0, 1, 0
192870, 0, 0, 0
192876, 0, 1, 0
192883, 0, 0, 0
192889, 0, 1, 0
192896, 0, 0, 0
192902, 0, 1, 0
192909, 0, 0, 0
192915, 0, 1, 0
192922, 0, 0, 0
192927, 0, 1, 0
192934, 0, 0, 0
192940, 0, 1, 0
192947, 0, 0, 0
192953, 0, 1, 0
192960, 0, 0, 0
192966, 0, 1, 0
192973, 0, 0, 0
192979, 0, 1, 0
192986, 0, 0, 0
192991, 0, 1, 0
192998, 0, 0, 0
193004, 0, 1, 0
193011, 0, 0, 0
193017, 0, 1, 0
193024, 0, 0, 0
193030, 0, 1, 0
193037, 0, 0, 0
193043, 0, 1, 0
193050, 0, 0, 0
193055, 0, 1, 0
193062, 0, 0, 0
193068, 0, 1, 0
193075, 0, 0, 0
193081, 0, 1, 0
193088, 0, 0, 0
193094, 0, 1, 0
193101, 0, 0, 0
193107, 0, 1, 0
193114, 0, 0, 0
193119, 0, 1, 0
193126, 0, 0, 0
193132, 0, 1, 0
193139, 0, 0, 0
193145, 0, 1, 0
193152, 0, 0, 0
193158, 0, 1, 0
193165, 0, 0, 0
193171, 0, 1, 0
193178, 0, 0, 0
193183, 0, 1, 0
193190, 0, 0, 0
193196, 0, 1, 0
193203, 0, 0, 0
193209, 0, 1, 0
193216, 0, 0, 0
193222, 0, 1, 0
193229, 0, 0, 0
193235, 0, 1, 0
193242, 0, 0, 0
193247, 0, 1, 0
193254, 0, 0, 0
193260, 0, 1, 0
193267, 0, 0, 0
193273, 0, 1, 0
193280, 0, 0, 0
193286, 0, 1, 0
193293, 0, 0, 0
193299, 0, 1, 0
193306, 0, 0, 0
193311, 0, 1, 0
193318, 0, 0, 0
193324, 0, 1, 0
193331, 0, 0, 0
193337, 0, 1, 0
193344, 0, 0, 0
193350, 0, 1, 0
193357, 0, 0, 0
193363, 0, 1, 0
193370, 0, 0, 0
193375, 0, 1, 0
193382, 0, 0, 0
193388, 0, 1, 0
193395, 0, 0, 0
193401, 0, 1, 0
193408, 0, 0, 0
193414, 0, 1, 0
193421, 0, 0, 0
193427, 0, 1, 0
193434, 0, 0, 0
193439, 0, 1, 0
193446, 0, 0, 0
193452, 0, 1, 0
193459, 0, 0, 0
193465, 0, 1, 0
193472, 0, 0, 0
193478, 0, 1, 0
193485, 0, 0, 0
193491, 0, 1, 0
193498, 0, 0, 0
193503, 0, 1, 0
193510, 0, 0, 0
193516, 0, 1, 0
193523, 0, 0, 0
193529, 0, 1, 0
193536, 0, 0, 0
193542, 0, 1, 0
193549, 0, 0, 0
193555, 0, 1, 0
193562, 0, 0, 0
193567, 0, 1, 0
193574, 0, 0, 0
193580, 0, 1, 0
193587, 0, 0, 0
193593, 0, 1, 0
193600, 0, 0, 0
193606, 0, 1, 1
193613, 0, 0, 1
193618, 1, 0, 0
193619, 1, 1, 0
193626, 1, 0, 0
193631, 1, 1, 0
193638, 1, 0, 0
193644, 1, 1, 0
193651, 1, 0, 0
193657, 1, 1, 0
193664, 1, 0, 0
193670, 1, 1, 0
193677, 1, 0, 0
193683, 1, 1, 0
193690, 1, 0, 0
193695, 0, 1, 0
193702, 0, 0, 0
193708, 1, 1, 0
193715, 1, 0, 0
193721, 1, 1, 0
193728, 1, 0, 0
193734, 1, 1, 0
193741, 1, 0, 0
193746, 0, 0, 0
193747, 0, 1, 0
193754, 0, 0, 0
193759, 0, 1, 0
193766, 0, 0, 0
193772, 0, 1, 0
193779, 0, 0, 0
193785, 0, 1, 0
193792, 0, 0, 0
193798, 0, 1, 0
193805, 0, 0, 0
193810, 1, 0, 0
193811, 1, 1, 0
193818, 1, 0, 0
193823, 0, 1, 0
193830, 0, 0, 0
193836, 0, 1, 0
193843, 0, 0, 0
193849, 0, 1, 0
193856, 0, 0, 0
193862, 0, 1, 0
193869, 0, 0, 0
193875, 0, 1, 0
193882, 0, 0, 0
193887, 0, 1, 0
193894, 0, 0, 0
193900, 0, 1, 0
193907, 0, 0, 0
193913, 0, 1, 0
193920, 0, 0, 0
193926, 0, 1, 0
193933, 0, 0, 0
193939, 0, 1, 0
193946, 0, 0, 0
193951, 0, 1, 0
193958, 0, 0, 0
193964, 0, 1, 0
193971, 0, 0, 0
193977, 0, 1, 0
193984, 0, 0, 0
193990, 0, 1, 0
193997, 0, 0, 0
194003, 0, 1, 0
194010, 0, 0, 0
194015, 0, 1, 0
194022, 0, 0, 0
194028, 0, 1, 0
194035, 0, 0, 0
194041, 0, 1, 0
194048, 0, 0, 0
194054, 0, 1, 0
194061, 0, 0, 0
194067, 0, 1, 0
194074, 0, 0, 0
194079, 0, 1, 0
194086, 0, 0, 0
194092, 0, 1, 0
194099, 0, 0, 0
194105, 0, 1, 0
194112, 0, 0, 0
194118, 0, 1, 0
194125, 0, 0, 0
194131, 0, 1, 0
194138, 0, 0, 0
194143, 0, 1, 0
194150, 0, 0, 0
194156, 0, 1, 0
194163, 0, 0, 0
194169, 0, 1, 0
194176, 0, 0, 0
194182, 0, 1, 0
194189, 0, 0, 0
194195, 0, 1, 0
194202, 0, 0, 0
194207, 0, 1, 0
194214, 0, 0, 0
194220, 0, 1, 0
194227, 0, 0, 0
194233, 0, 1, 0
194240, 0, 0, 0
194246, 0, 1, 0
194253, 0, 0, 0
194259, 0, 1, 0
194266, 0, 0, 0
194271, 0, 1, 0
194278, 0, 0, 0
194284, 0, 1, 0
194291, 0, 0, 0
194297, 0, 1, 0
194304, 0, 0, 0
194310, 0, 1, 0
194317, 0, 0, 0
194323, 0, 1, 0
194330, 0, 0, 0
194335, 0, 1, 0
194342, 0, 0, 0
194348, 0, 1, 0
194355, 0, 0, 0
194361, 0, 1, 0
194368, 0, 0, 0
194374, 0, 1, 0
194381, 0, 0, 0
194387, 0, 1, 0
194394, 0, 0, 0
194399, 0, 1, 0
194406, 0, 0, 0
194412, 0, 1, 0
194419, 0, 0, 0
194425, 0, 1, 0
194432, 0, 0, 0
194438, 0, 1, 0
194445, 0, 0, 0
194451, 0, 1, 0
194458, 0, 0, 0
194463, 0, 1, 0
194470, 0, 0, 0
194476, 0, 1, 0
194483, 0, 0, 0
194489, 0, 1, 0
194496, 0, 0, 0
194502, 0, 1, 0
194509, 0, 0, 0
194515, 0, 1, 0
194522, 0, 0, 0
194527, 0, 1, 0
194534, 0, 0, 0
194540, 0, 1, 0
194547, 0, 0, 0
194553, 0, 1, 0
194560, 0, 0, 0
194566, 0, 1, 0
194573, 0, 0, 0
194579, 0, 1, 0
194586, 0, 0, 0
194591, 0, 1, 0
194598, 0, 0, 0
194604, 0, 1, 0
194611, 0, 0, 0
194617, 0, 1, 0
194624, 0, 0, 0
194630, 0, 1, 0
194637, 0, 0, 0
194643, 0, 1, 0
194650, 0, 0, 0
194655, 0, 1, 0
194662, 0, 0, 0
194668, 0, 1, 0
194675, 0, 0, 0
194681, 0, 1, 0
194688, 0, 0, 0
194694, 0, 1, 0
194701, 0, 0, 0
194707, 0, 1, 0
194714, 0, 0, 0
194719, 0, 1, 0
194726, 0, 0, 0
194732, 0, 1, 0
194739, 0, 0, 0
194745, 0, 1, 0
194752, 0, 0, 0
194758, 0, 1, 0
194765, 0, 0, 0
194771, 0, 1, 0
194778, 0, 0, 0
194783, 0, 1, 0
194790, 0, 0, 0
194796, 0, 1, 0
194803, 0, 0, 0
194809, 0, 1, 0
194816, 0, 0, 0
194822, 0, 1, 0
194829, 0, 0, 0
194835, 0, 1, 0
194842, 0, 0, 0
194847, 0, 1, 0
194854, 0, 0, 0
194860, 0, 1, 0
194867, 0, 0, 0
194873, 0, 1, 0
194880, 0, 0, 0
194886, 0, 1, 0
194893, 0, 0, 0
194899, 0, 1, 0
194906, 0, 0, 0
194911, 0, 1, 0
194918, 0, 0, 0
194924, 0, 1, 0
194931, 0, 0, 0
194937, 0, 1, 0
194944, 0, 0, 0
194950, 0, 1, 0
194957, 0, 0, 0
194963, 0, 1, 0
194970, 0, 0, 0
194975, 0, 1, 0
194982, 0, 0, 0
194988, 0, 1, 0
194995, 0, 0, 0
195001, 0, 1, 0
195008, 0, 0, 0
195014, 0, 1, 0
195021, 0, 0, 0
195027, 0, 1, 0
195034, 0, 0, 0
195039, 0, 1, 0
195046, 0, 0, 0
195052, 0, 1, 0
195059, 0, 0, 0
195065, 0, 1, 0
195072, 0, 0, 0
195078, 0, 1, 0
195085, 0, 0, 0
195091, 0, 1, 0
195098, 0, 0, 0
195103, 0, 1, 0
195110, 0, 0, 0
195116, 0, 1, 0
195123, 0, 0, 0
195129, 0, 1, 0
195136, 0, 0, 0
195142, 0, 1, 0
195149, 0, 0, 0
195155, 0, 1, 0
195162, 0, 0, 0
195167, 0, 1, 0
195175, 0, 0, 0
195180, 0, 1, 0
195187, 0, 0, 0
195193, 0, 1, 0
195200, 0, 0, 0
195206, 0, 1, 0
195213, 0, 0, 0
195219, 0, 1, 0
195226, 0, 0, 0
195231, 0, 1, 0
195239, 0, 0, 0
195244, 0, 1, 1
195251, 0, 0, 1
195257, 1, 1, 0
195264, 1, 0, 0
195270, 1, 1, 0
195277, 1, 0, 0
195283, 1, 1, 0
195290, 1, 0, 0
195295, 1, 1, 0
195303, 1, 0, 0
195308, 1, 1, 0
195315, 1, 0, 0
195321, 1, 1, 0
195328, 1, 0, 0
195333, 0, 0, 0
195334, 0, 1, 0
195341, 0, 0, 0
195346, 1, 0, 0
195347, 1, 1, 0
195354, 1, 0, 0
195359, 1, 1, 0
195367, 1, 0, 0
195372, 1, 1, 0
195379, 1, 0, 0
195385, 0, 1, 0
195392, 0, 0, 0
195398, 0, 1, 0
195405, 0, 0, 0
195411, 0, 1, 0
195418, 0, 0, 0
195423, 0, 1, 0
195431, 0, 0, 0
195436, 0, 1, 0
195443, 0, 0, 0
195449, 1, 1, 0
195456, 1, 0, 0
195461, 0, 0, 0
195462, 0, 1, 0
195469, 0, 0, 0
195475, 0, 1, 0
195482, 0, 0, 0
195487, 0, 1, 0
195495, 0, 0, 0
195500, 0, 1, 0
195507, 0, 0, 0
195513, 0, 1, 0
195520, 0, 0, 0
195526, 0, 1, 0
195533, 0, 0, 0
195539, 0, 1, 0
195546, 0, 0, 0
195551, 0, 1, 0
195559, 0, 0, 0
195564, 0, 1, 0
195571, 0, 0, 0
195577, 0, 1, 0
195584, 0, 0, 0
195590, 0, 1, 0
195597, 0, 0, 0
195603, 0, 1, 0
195610, 0, 0, 0
195615, 0, 1, 0
195623, 0, 0, 0
195628, 0, 1, 0
195635, 0, 0, 0
195641, 0, 1, 0
195648, 0, 0, 0
195654, 0, 1, 0
195661, 0, 0, 0
195667, 0, 1, 0
195674, 0, 0, 0
195679, 0, 1, 0
195687, 0, 0, 0
195692, 0, 1, 0
195699, 0, 0, 0
195705, 0, 1, 0
195712, 0, 0, 0
195718, 0, 1, 0
195725, 0, 0, 0
195731, 0, 1, 0
195738, 0, 0, 0
195743, 0, 1, 0
195751, 0, 0, 0
195756, 0, 1, 0
195763, 0, 0, 0
195769, 0, 1, 0
195776, 0, 0, 0
195782, 0, 1, 0
195789, 0, 0, 0
195795, 0, 1, 0
195802, 0, 0, 0
195807, 0, 1, 0
195815, 0, 0, 0
195820, 0, 1, 0
195827, 0, 0, 0
195833, 0, 1, 0
195840, 0, 0, 0
195846, 0, 1, 0
195853, 0, 0, 0
195859, 0, 1, 0
195866, 0, 0, 0
195871, 0, 1, 0
195879, 0, 0, 0
195884, 0, 1, 0
195891, 0, 0, 0
195897, 0, 1, 0
195904, 0, 0, 0
195910, 0, 1, 0
195917, 0, 0, 0
195923, 0, 1, 0
195930, 0, 0, 0
195935, 0, 1, 0
195943, 0, 0, 0
195948, 0, 1, 0
195955, 0, 0, 0
195961, 0, 1, 0
195968, 0, 0, 0
195974, 0, 1, 0
195981, 0, 0, 0
195987, 0, 1, 0
195994, 0, 0, 0
196000, 0, 1, 0
196007, 0, 0, 0
196012, 0, 1, 0
196019, 0, 0, 0
196025, 0, 1, 0
196032, 0, 0, 0
196038, 0, 1, 0
196045, 0, 0, 0
196051, 0, 1, 0
196058, 0, 0, 0
196064, 0, 1, 0
196071, 0, 0, 0
196076, 0, 1, 0
196083, 0, 0, 0
196089, 0, 1, 0
196096, 0, 0, 0
196102, 0, 1, 0
196109, 0, 0, 0
196115, 0, 1, 0
196122, 0, 0, 0
196128, 0, 1, 0
196135, 0, 0, 0
196140, 0, 1, 0
196147, 0, 0, 0
196153, 0, 1, 0
196160, 0, 0, 0
196166, 0, 1, 0
196173, 0, 0, 0
196179, 0, 1, 0
196186, 0, 0, 0
196192, 0, 1, 0
196199, 0, 0, 0
196204, 0, 1, 0
196211, 0, 0, 0
196217, 0, 1, 0
196224, 0, 0, 0
196230, 0, 1, 0
196237, 0, 0, 0
196243, 0, 1, 0
196250, 0, 0, 0
196256, 0, 1, 0
196263, 0, 0, 0
196268, 0, 1, 0
196275, 0, 0, 0
196281, 0, 1, 0
196288, 0, 0, 0
196294, 0, 1, 0
196301, 0, 0, 0
196307, 0, 1, 0
196314, 0, 0, 0
196320, 0, 1, 0
196327, 0, 0, 0
196332, 0, 1, 0
196339, 0, 0, 0
196345, 0, 1, 0
196352, 0, 0, 0
196358, 0, 1, 0
196365, 0, 0, 0
196371, 0, 1, 0
196378, 0, 0, 0
196384, 0, 1, 0
196391, 0, 0, 0
196396, 0, 1, 0
196403, 0, 0, 0
196409, 0, 1, 0
196416, 0, 0, 0
196422, 0, 1, 0
196429, 0, 0, 0
196435, 0, 1, 0
196442, 0, 0, 0
196448, 0, 1, 0
196455, 0, 0, 0
196460, 0, 1, 0
196467, 0, 0, 0
196473, 0, 1, 0
196480, 0, 0, 0
196486, 0, 1, 0
196493, 0, 0, 0
196499, 0, 1, 0
196506, 0, 0, 0
196512, 0, 1, 0
196519, 0, 0, 0
196524, 0, 1, 0
196531, 0, 0, 0
196537, 0, 1, 0
196544, 0, 0, 0
196550, 0, 1, 0
196557, 0, 0, 0
196563, 0, 1, 0
196570, 0, 0, 0
196576, 0, 1, 0
196583, 0, 0, 0
196588, 0, 1, 0
196595, 0, 0, 0
196601, 0, 1, 0
196608, 0, 0, 0
196614, 0, 1, 0
196621, 0, 0, 0
196627, 0, 1, 0
196634, 0, 0, 0
196640, 0, 1, 0
196647, 0, 0, 0
196652, 0, 1, 0
196659, 0, 0, 0
196665, 0, 1, 0
196672, 0, 0, 0
196678, 0, 1, 0
196685, 0, 0, 0
196691, 0, 1, 0
196698, 0, 0, 0
196704, 0, 1, 0
196711, 0, 0, 0
196716, 0, 1, 0
196723, 0, 0, 0
196729, 0, 1, 0
196736, 0, 0, 0
196742, 0, 1, 0
196749, 0, 0, 0
196755, 0, 1, 0
196762, 0, 0, 0
196768, 0, 1, 0
196775, 0, 0, 0
196780, 0, 1, 0
196787, 0, 0, 0
196793, 0, 1, 0
196800, 0, 0, 0
196806, 0, 1, 0
196813, 0, 0, 0
196819, 0, 1, 0
196826, 0, 0, 0
196832, 0, 1, 0
196839, 0, 0, 0
196844, 0, 1, 0
196851, 0, 0, 0
196857, 0, 1, 0
196864, 0, 0, 0
196870, 0, 1, 0
196877, 0, 0, 0
196882, 0, 0, 1
196883, 0, 1, 1
196890, 0, 0, 1
196895, 1, 0, 0
196896, 1, 1, 0
196903, 1, 0, 0
196908, 1, 1, 0
196915, 1, 0, 0
196921, 1, 1, 0
196928, 1, 0, 0
196934, 1, 1, 0
196941, 1, 0, 0
196947, 1, 1, 0
196954, 1, 0, 0
196960, 1, 1, 0
196967, 1, 0, 0
196972, 0, 1, 0
196979, 0, 0, 0
196985, 1, 1, 0
196992, 1, 0, 0
196998, 1, 1, 0
197005, 1, 0, 0
197011, 1, 1, 0
197018, 1, 0, 0
197023, 0, 0, 0
197024, 0, 1, 0
197031, 0, 0, 0
197036, 0, 1, 0
197043, 0, 0, 0
197049, 0, 1, 0
197056, 0, 0, 0
197062, 0, 1, 0
197069, 0, 0, 0
197075, 0, 1, 0
197082, 0, 0, 0
197087, 1, 0, 0
197088, 1, 1, 0
197095, 1, 0, 0
197100, 0, 1, 0
197107, 0, 0, 0
197113, 0, 1, 0
197120, 0, 0, 0
197126, 0, 1, 0
197133, 0, 0, 0
197139, 0, 1, 0
197146, 0, 0, 0
197152, 0, 1, 0
197159, 0, 0, 0
197164, 0, 1, 0
197171, 0, 0, 0
197177, 0, 1, 0
197184, 0, 0, 0
197190, 0, 1, 0
197197, 0, 0, 0
197203, 0, 1, 0
197210, 0, 0, 0
197216, 0, 1, 0
197223, 0, 0, 0
197228, 0, 1, 0
197235, 0, 0, 0
197241, 0, 1, 0
197248, 0, 0, 0
197254, 0, 1, 0
197261, 0, 0, 0
197267, 0, 1, 0
197274, 0, 0, 0
197280, 0, 1, 0
197287, 0, 0, 0
197292, 0, 1, 0
197299, 0, 0, 0
197305, 0, 1, 0
197312, 0, 0, 0
197318, 0, 1, 0
197325, 0, 0, 0
197331, 0, 1, 0
197338, 0, 0, 0
197344, 0, 1, 0
197351, 0, 0, 0
197356, 0, 1, 0
197363, 0, 0, 0
197369, 0, 1, 0
197376, 0, 0, 0
197382, 0, 1, 0
197389, 0, 0, 0
197395, 0, 1, 0
197402, 0, 0, 0
197408, 0, 1, 0
197415, 0, 0, 0
197420, 0, 1, 0
197427, 0, 0, 0
197433, 0, 1, 0
197440, 0, 0, 0
197446, 0, 1, 0
197453, 0, 0, 0
197459, 0, 1, 0
197466, 0, 0, 0
197472, 0, 1, 0
197479, 0, 0, 0
197484, 0, 1, 0
197491, 0, 0, 0
197497, 0, 1, 0
197504, 0, 0, 0
197510, 0, 1, 0
197517, 0, 0, 0
197523, 0, 1, 0
197530, 0, 0, 0
197536, 0, 1, 0
197543, 0, 0, 0
197548, 0, 1, 0
197555, 0, 0, 0
197561, 0, 1, 0
197568, 0, 0, 0
197574, 0, 1, 0
197581, 0, 0, 0
197587, 0, 1, 0
197594, 0, 0, 0
197600, 0, 1, 0
197607, 0, 0, 0
197612, 0, 1, 0
197619, 0, 0, 0
197625, 0, 1, 0
197632, 0, 0, 0
197638, 0, 1, 0
197645, 0, 0, 0
197651, 0, 1, 0
197658, 0, 0, 0
197664, 0, 1, 0
197671, 0, 0, 0
197676, 0, 1, 0
197683, 0, 0, 0
197689, 0, 1, 0
197696, 0, 0, 0
197702, 0, 1, 0
197709, 0, 0, 0
197715, 0, 1, 0
197722, 0, 0, 0
197728, 0, 1, 0
197735, 0, 0, 0
197740, 0, 1, 0
197747, 0, 0, 0
197753, 0, 1, 0
197760, 0, 0, 0
197766, 0, 1, 0
197773, 0, 0, 0
197779, 0, 1, 0
197786, 0, 0, 0
197792, 0, 1, 0
197799, 0, 0, 0
197804, 0, 1, 0
197811, 0, 0, 0
197817, 0, 1, 0
197824, 0, 0, 0
197830, 0, 1, 0
197837, 0, 0, 0
197843, 0, 1, 0
197850, 0, 0, 0
197856, 0, 1, 0
197863, 0, 0, 0
197868, 0, 1, 0
197875, 0, 0, 0
197881, 0, 1, 0
197888, 0, 0, 0
197894, 0, 1, 0
197901, 0, 0, 0
197907, 0, 1, 0
197914, 0, 0, 0
197920, 0, 1, 0
197927, 0, 0, 0
197932, 0, 1, 0
197939, 0, 0, 0
197945, 0, 1, 0
197952, 0, 0, 0
197958, 0, 1, 0
197965, 0, 0, 0
197971, 0, 1, 0
197978, 0, 0, 0
197984, 0, 1, 0
197991, 0, 0, 0
197996, 0, 1, 0
198003, 0, 0, 0
198009, 0, 1, 0
198016, 0, 0, 0
198022, 0, 1, 0
198029, 0, 0, 0
198035, 0, 1, 0
198042, 0, 0, 0
198048, 0, 1, 0
198055, 0, 0, 0
198060, 0, 1, 0
198067, 0, 0, 0
198073, 0, 1, 0
198080, 0, 0, 0
198086, 0, 1, 0
198093, 0, 0, 0
198099, 0, 1, 0
198106, 0, 0, 0
198112, 0, 1, 0
198119, 0, 0, 0
198124, 0, 1, 0
198131, 0, 0, 0
198137, 0, 1, 0
198144, 0, 0, 0
198150, 0, 1, 0
198157, 0, 0, 0
198163, 0, 1, 0
198170, 0, 0, 0
198176, 0, 1, 0
198183, 0, 0, 0
198188, 0, 1, 0
198195, 0, 0, 0
198201, 0, 1, 0
198208, 0, 0, 0
198214, 0, 1, 0
198221, 0, 0, 0
198227, 0, 1, 0
198234, 0, 0, 0
198240, 0, 1, 0
198247, 0, 0, 0
198252, 0, 1, 0
198259, 0, 0, 0
198265, 0, 1, 0
198272, 0, 0, 0
198278, 0, 1, 0
198285, 0, 0, 0
198291, 0, 1, 0
198298, 0, 0, 0
198304, 0, 1, 0
198311, 0, 0, 0
198316, 0, 1, 0
198323, 0, 0, 0
198329, 0, 1, 0
198336, 0, 0, 0
198342, 0, 1, 0
198349, 0, 0, 0
198355, 0, 1, 0
198362, 0, 0, 0
198368, 0, 1, 0
198375, 0, 0, 0
198380, 0, 1, 0
198387, 0, 0, 0
198393, 0, 1, 0
198400, 0, 0, 0
198406, 0, 1, 0
198413, 0, 0, 0
198419, 0, 1, 0
198426, 0, 0, 0
198432, 0, 1, 0
198439, 0, 0, 0
198444, 0, 1, 0
198451, 0, 0, 0
198457, 0, 1, 0
198464, 0, 0, 0
198470, 0, 1, 0
198477, 0, 0, 0
198483, 0, 1, 0
198490, 0, 0, 0
198496, 0, 1, 0
198503, 0, 0, 0
198508, 0, 1, 0
198515, 0, 0, 0
198521, 0, 1, 1
198528, 0, 0, 1
198534, 1, 1, 0
198541, 1, 0, 0
198547, 1, 1, 0
198554, 1, 0, 0
198560, 1, 1, 0
198567, 1, 0, 0
198572, 1, 1, 0
198579, 1, 0, 0
198585, 1, 1, 0
198592, 1, 0, 0
198598, 1, 1, 0
198605, 1, 0, 0
198610, 0, 0, 0
198611, 0, 1, 0
198618, 0, 0, 0
198623, 1, 0, 0
198624, 1, 1, 0
198631, 1, 0, 0
198636, 1, 1, 0
198643, 1, 0, 0
198649, 1, 1, 0
198656, 1, 0, 0
198662, 0, 1, 0
198669, 0, 0, 0
198675, 0, 1, 0
198682, 0, 0, 0
198688, 0, 1, 0
198695, 0, 0, 0
198700, 0, 1, 0
198707, 0, 0, 0
198713, 0, 1, 0
198720, 0, 0, 0
198726, 1, 1, 0
198733, 1, 0, 0
198738, 0, 0, 0
198739, 0, 1, 0
198746, 0, 0, 0
198752, 0, 1, 0
198759, 0, 0, 0
198764, 0, 1, 0
198771, 0, 0, 0
198777, 0, 1, 0
198784, 0, 0, 0
198790, 0, 1, 0
198797, 0, 0, 0
198803, 0, 1, 0
198810, 0, 0, 0
198816, 0, 1, 0
198823, 0, 0, 0
198828, 0, 1, 0
198835, 0, 0, 0
198841, 0, 1, 0
198848, 0, 0, 0
198854, 0, 1, 0
198861, 0, 0, 0
198867, 0, 1, 0
198874, 0, 0, 0
198880, 0, 1, 0
198887, 0, 0, 0
198892, 0, 1, 0
198899, 0, 0, 0
198905, 0, 1, 0
198912, 0, 0, 0
198918, 0, 1, 0
198925, 0, 0, 0
198931, 0, 1, 0
198938, 0, 0, 0
198944, 0, 1, 0
198951, 0, 0, 0
198956, 0, 1, 0
198963, 0, 0, 0
198969, 0, 1, 0
198976, 0, 0, 0
198982, 0, 1, 0
198989, 0, 0, 0
198995, 0, 1, 0
199002, 0, 0, 0
199008, 0, 1, 0
199015, 0, 0, 0
199020, 0, 1, 0
199027, 0, 0, 0
199033, 0, 1, 0
199040, 0, 0, 0
199046, 0, 1, 0
199053, 0, 0, 0
199059, 0, 1, 0
199066, 0, 0, 0
199072, 0, 1, 0
199079, 0, 0, 0
199084, 0, 1, 0
199091, 0, 0, 0
199097, 0, 1, 0
199104, 0, 0, 0
199110, 0, 1, 0
199117, 0, 0, 0
199123, 0, 1, 0
199130, 0, 0, 0
199136, 0, 1, 0
199143, 0, 0, 0
199148, 0, 1, 0
199155, 0, 0, 0
199161, 0, 1, 0
199168, 0, 0, 0
199174, 0, 1, 0
199181, 0, 0, 0
199187, 0, 1, 0
199194, 0, 0, 0
199200, 0, 1, 0
199207, 0, 0, 0
199212, 0, 1, 0
199219, 0, 0, 0
199225, 0, 1, 0
199232, 0, 0, 0
199238, 0, 1, 0
199245, 0, 0, 0
199251, 0, 1, 0
199258, 0, 0, 0
199264, 0, 1, 0
199271, 0, 0, 0
199276, 0, 1, 0
199283, 0, 0, 0
199289, 0, 1, 0
199296, 0, 0, 0
199302, 0, 1, 0
199309, 0, 0, 0
199315, 0, 1, 0
199322, 0, 0, 0
199328, 0, 1, 0
199335, 0, 0, 0
199340, 0, 1, 0
199347, 0, 0, 0
199353, 0, 1, 0
199360, 0, 0, 0
199366, 0, 1, 0
199373, 0, 0, 0
199379, 0, 1, 0
199386, 0, 0, 0
199392, 0, 1, 0
199399, 0, 0, 0
199404, 0, 1, 0
199411, 0, 0, 0
199417, 0, 1, 0
199424, 0, 0, 0
199430, 0, 1, 0
199437, 0, 0, 0
199443, 0, 1, 0
199450, 0, 0, 0
199456, 0, 1, 0
199463, 0, 0, 0
199468, 0, 1, 0
199475, 0, 0, 0
199481, 0, 1, 0
199488, 0, 0, 0
199494, 0, 1, 0
199501, 0, 0, 0
199507, 0, 1, 0
199514, 0, 0, 0
199520, 0, 1, 0
199527, 0, 0, 0
199532, 0, 1, 0
199539, 0, 0, 0
199545, 0, 1, 0
199552, 0, 0, 0
199558, 0, 1, 0
199565, 0, 0, 0
199571, 0, 1, 0
199578, 0, 0, 0
199584, 0, 1, 0
199591, 0, 0, 0
199596, 0, 1, 0
199603, 0, 0, 0
199609, 0, 1, 0
199616, 0, 0, 0
199622, 0, 1, 0
199629, 0, 0, 0
199635, 0, 1, 0
199642, 0, 0, 0
199648, 0, 1, 0
199655, 0, 0, 0
199660, 0, 1, 0
199667, 0, 0, 0
199673, 0, 1, 0
199680, 0, 0, 0
199686, 0, 1, 0
199693, 0, 0, 0
199699, 0, 1, 0
199706, 0, 0, 0
199712, 0, 1, 0
199719, 0, 0, 0
199724, 0, 1, 0
199731, 0, 0, 0
199737, 0, 1, 0
199744, 0, 0, 0
199750, 0, 1, 0
199757, 0, 0, 0
199763, 0, 1, 0
199770, 0, 0, 0
199776, 0, 1, 0
199783, 0, 0, 0
199788, 0, 1, 0
199795, 0, 0, 0
199801, 0, 1, 0
199808, 0, 0, 0
199814, 0, 1, 0
199821, 0, 0, 0
199827, 0, 1, 0
199834, 0, 0, 0
199840, 0, 1, 0
199847, 0, 0, 0
199852, 0, 1, 0
199859, 0, 0, 0
199865, 0, 1, 0
199872, 0, 0, 0
199878, 0, 1, 0
199885, 0, 0, 0
199891, 0, 1, 0
199898, 0, 0, 0
199904, 0, 1, 0
199911, 0, 0, 0
199916, 0, 1, 0
199923, 0, 0, 0
199929, 0, 1, 0
199936, 0, 0, 0
199942, 0, 1, 0
199949, 0, 0, 0
199955, 0, 1, 0
199962, 0, 0, 0
199968, 0, 1, 0
199975, 0, 0, 0
199980, 0, 1, 0
199987, 0, 0, 0
199993, 0, 1, 0
200000, 0, 0, 0
200006, 0, 1, 0
200013, 0, 0, 0
200019, 0, 1, 0
200026, 0, 0, 0
200032, 0, 1, 0
200039, 0, 0, 0
200044, 0, 1, 0
200051, 0, 0, 0
200057, 0, 1, 0
200064, 0, 0, 0
200070, 0, 1, 0
200077, 0, 0, 0
200083, 0, 1, 0
200090, 0, 0, 0
200096, 0, 1, 0
200103, 0, 0, 0
200108, 0, 1, 0
200116, 0, 0, 0
200121, 0, 1, 0
200128, 0, 0, 0
200134, 0, 1, 0
200141, 0, 0, 0
200147, 0, 1, 0
200154, 0, 0, 0
200159, 0, 0, 1
200160, 0, 1, 1
200167, 0, 0, 1
200172, 1, 1, 0
200180, 1, 0, 0
200185, 1, 1, 0
200192, 1, 0, 0
200198, 1, 1, 0
200205, 1, 0, 0
200211, 1, 1, 0
200218, 1, 0, 0
200224, 1, 1, 0
200231, 1, 0, 0
200236, 1, 1, 0
200244, 1, 0, 0
200249, 0, 1, 0
200256, 0, 0, 0
200262, 1, 1, 0
200269, 1, 0, 0
200275, 1, 1, 0
200282, 1, 0, 0
200288, 1, 1, 0
200295, 1, 0, 0
200300, 0, 1, 0
200308, 0, 0, 0
200313, 0, 1, 0
200320, 0, 0, 0
200326, 0, 1, 0
200333, 0, 0, 0
200339, 0, 1, 0
200346, 0, 0, 0
200352, 0, 1, 0
200359, 0, 0, 0
200364, 1, 1, 0
200372, 1, 0, 0
200377, 0, 1, 0
200384, 0, 0, 0
200390, 0, 1, 0
200397, 0, 0, 0
200403, 0, 1, 0
200410, 0, 0, 0
200416, 0, 1, 0
200423, 0, 0, 0
200428, 0, 1, 0
200436, 0, 0, 0
200441, 0, 1, 0
200448, 0, 0, 0
200454, 0, 1, 0
200461, 0, 0, 0
200467, 0, 1, 0
200474, 0, 0, 0
200480, 0, 1, 0
200487, 0, 0, 0
200492, 0, 1, 0
200500, 0, 0, 0
200505, 0, 1, 0
200512, 0, 0, 0
200518, 0, 1, 0
200525, 0, 0, 0
200531, 0, 1, 0
200538, 0, 0, 0
200544, 0, 1, 0
200551, 0, 0, 0
200556, 0, 1, 0
200564, 0, 0, 0
200569, 0, 1, 0
200576, 0, 0, 0
200582, 0, 1, 0
200589, 0, 0, 0
200595, 0, 1, 0
200602, 0, 0, 0
200608, 0, 1, 0
200615, 0, 0, 0
200620, 0, 1, 0
200628, 0, 0, 0
200633, 0, 1, 0
200640, 0, 0, 0
200646, 0, 1, 0
200653, 0, 0, 0
200659, 0, 1, 0
200666, 0, 0, 0
200672, 0, 1, 0
200679, 0, 0, 0
200684, 0, 1, 0
200692, 0, 0, 0
200697, 0, 1, 0
200704, 0, 0, 0
200710, 0, 1, 0
200717, 0, 0, 0
200723, 0, 1, 0
200730, 0, 0, 0
200736, 0, 1, 0
200743, 0, 0, 0
200748, 0, 1, 0
200756, 0, 0, 0
200761, 0, 1, 0
200768, 0, 0, 0
200774, 0, 1, 0
200781, 0, 0, 0
200787, 0, 1, 0
200794, 0, 0, 0
200800, 0, 1, 0
200807, 0, 0, 0
200812, 0, 1, 0
200820, 0, 0, 0
200825, 0, 1, 0
200832, 0, 0, 0
200838, 0, 1, 0
200845, 0, 0, 0
200851, 0, 1, 0
200858, 0, 0, 0
200864, 0, 1, 0
200871, 0, 0, 0
200877, 0, 1, 0
200884, 0, 0, 0
200889, 0, 1, 0
200896, 0, 0, 0
200902, 0, 1, 0
200909, 0, 0, 0
200915, 0, 1, 0
200922, 0, 0, 0
200928, 0, 1, 0
200935, 0, 0, 0
200941, 0, 1, 0
200948, 0, 0, 0
200953, 0, 1, 0
200960, 0, 0, 0
200966, 0, 1, 0
200973, 0, 0, 0
200979, 0, 1, 0
200986, 0, 0, 0
200992, 0, 1, 0
200999, 0, 0, 0
201005, 0, 1, 0
201012, 0, 0, 0
201017, 0, 1, 0
201024, 0, 0, 0
201030, 0, 1, 0
201037, 0, 0, 0
201043, 0, 1, 0
201050, 0, 0, 0
201056, 0, 1, 0
201063, 0, 0, 0
201069, 0, 1, 0
201076, 0, 0, 0
201081, 0, 1, 0
201088, 0, 0, 0
201094, 0, 1, 0
201101, 0, 0, 0
201107, 0, 1, 0
201114, 0, 0, 0
201120, 0, 1, 0
201127, 0, 0, 0
201133, 0, 1, 0
201140, 0, 0, 0
201145, 0, 1, 0
201152, 0, 0, 0
201158, 0, 1, 0
201165, 0, 0, 0
201171, 0, 1, 0
201178, 0, 0, 0
201184, 0, 1, 0
201191, 0, 0, 0
201197, 0, 1, 0
201204, 0, 0, 0
201209, 0, 1, 0
201216, 0, 0, 0
201222, 0, 1, 0
201229, 0, 0, 0
201235, 0, 1, 0
201242, 0, 0, 0
201248, 0, 1, 0
201255, 0, 0, 0
201261, 0, 1, 0
201268, 0, 0, 0
201273, 0, 1, 0
201280, 0, 0, 0
201286, 0, 1, 0
201293, 0, 0, 0
201299, 0, 1, 0
201306, 0, 0, 0
201312, 0, 1, 0
201319, 0, 0, 0
201325, 0, 1, 0
201332, 0, 0, 0
201337, 0, 1, 0
201344, 0, 0, 0
201350, 0, 1, 0
201357, 0, 0, 0
201363, 0, 1, 0
201370, 0, 0, 0
201376, 0, 1, 0
201383, 0, 0, 0
201389, 0, 1, 0
201396, 0, 0, 0
201401, 0, 1, 0
201408, 0, 0, 0
201414, 0, 1, 0
201421, 0, 0, 0
201427, 0, 1, 0
201434, 0, 0, 0
201440, 0, 1, 0
201447, 0, 0, 0
201453, 0, 1, 0
201460, 0, 0, 0
201465, 0, 1, 0
201472, 0, 0, 0
201478, 0, 1, 0
201485, 0, 0, 0
201491, 0, 1, 0
201498, 0, 0, 0
201504, 0, 1, 0
201511, 0, 0, 0
201517, 0, 1, 0
201524, 0, 0, 0
201529, 0, 1, 0
201536, 0, 0, 0
201542, 0, 1, 0
201549, 0, 0, 0
201555, 0, 1, 0
201562, 0, 0, 0
201568, 0, 1, 0
201575, 0, 0, 0
201581, 0, 1, 0
201588, 0, 0, 0
201593, 0, 1, 0
201600, 0, 0, 0
201606, 0, 1, 0
201613, 0, 0, 0
201619, 0, 1, 0
201626, 0, 0, 0
201632, 0, 1, 0
201639, 0, 0, 0
201645, 0, 1, 0
201652, 0, 0, 0
201657, 0, 1, 0
201664, 0, 0, 0
201670, 0, 1, 0
201677, 0, 0, 0
201683, 0, 1, 0
201690, 0, 0, 0
201696, 0, 1, 0
201703, 0, 0, 0
201709, 0, 1, 0
201716, 0, 0, 0
201721, 0, 1, 0
201728, 0, 0, 0
201734, 0, 1, 0
201741, 0, 0, 0
201747, 0, 1, 0
201754, 0, 0, 0
201760, 0, 1, 0
201767, 0, 0, 0
201773, 0, 1, 0
201780, 0, 0, 0
201785, 0, 1, 0
201792, 0, 0, 0
201798, 0, 1, 1
201805, 0, 0, 1
201810, 1, 0, 1
201811, 1, 1, 0
201818, 1, 0, 0
201824, 1, 1, 0
201831, 1, 0, 0
201837, 1, 1, 0
201844, 1, 0, 0
201849, 1, 1, 0
201856, 1, 0, 0
201862, 1, 1, 0
201869, 1, 0, 0
201875, 1, 1, 0
201882, 1, 0, 0
201887, 0, 0, 0
201888, 0, 1, 0
201895, 0, 0, 0
201900, 1, 0, 0
201901, 1, 1, 0
201908, 1, 0, 0
201913, 1, 1, 0
201920, 1, 0, 0
201926, 1, 1, 0
201933, 1, 0, 0
201939, 0, 1, 0
201946, 0, 0, 0
201952, 0, 1, 0
201959, 0, 0, 0
201965, 0, 1, 0
201972, 0, 0, 0
201977, 0, 1, 0
201984, 0, 0, 0
201990, 0, 1, 0
201997, 0, 0, 0
202002, 1, 0, 0
202003, 1, 1, 0
202010, 1, 0, 0
202015, 0, 0, 0
202016, 0, 1, 0
202023, 0, 0, 0
202029, 0, 1, 0
202036, 0, 0, 0
202041, 0, 1, 0
202048, 0, 0, 0
202054, 0, 1, 0
202061, 0, 0, 0
202067, 0, 1, 0
202074, 0, 0, 0
202080, 0, 1, 0
202087, 0, 0, 0
202093, 0, 1, 0
202100, 0, 0, 0
202105, 0, 1, 0
202112, 0, 0, 0
202118, 0, 1, 0
202125, 0, 0, 0
202131, 0, 1, 0
202138, 0, 0, 0
202144, 0, 1, 0
202151, 0, 0, 0
202157, 0, 1, 0
202164, 0, 0, 0
202169, 0, 1, 0
202176, 0, 0, 0
202182, 0, 1, 0
202189, 0, 0, 0
202195, 0, 1, 0
202202, 0, 0, 0
202208, 0, 1, 0
202215, 0, 0, 0
202221, 0, 1, 0
202228, 0, 0, 0
202233, 0, 1, 0
202240, 0, 0, 0
202246, 0, 1, 0
202253, 0, 0, 0
202259, 0, 1, 0
202266, 0, 0, 0
202272, 0, 1, 0
202279, 0, 0, 0
202285, 0, 1, 0
202292, 0, 0, 0
202297, 0, 1, 0
202304, 0, 0, 0
202310, 0, 1, 0
202317, 0, 0, 0
202323, 0, 1, 0
202330, 0, 0, 0
202336, 0, 1, 0
202343, 0, 0, 0
202349, 0, 1, 0
202356, 0, 0, 0
202361, 0, 1, 0
202368, 0, 0, 0
202374, 0, 1, 0
202381, 0, 0, 0
202387, 0, 1, 0
202394, 0, 0, 0
202400, 0, 1, 0
202407, 0, 0, 0
202413, 0, 1, 0
202420, 0, 0, 0
202425, 0, 1, 0
202432, 0, 0, 0
202438, 0, 1, 0
202445, 0, 0, 0
202451, 0, 1, 0
202458, 0, 0, 0
202464, 0, 1, 0
202471, 0, 0, 0
202477, 0, 1, 0
202484, 0, 0, 0
202489, 0, 1, 0
202496, 0, 0, 0
202502, 0, 1, 0
202509, 0, 0, 0
202515, 0, 1, 0
202522, 0, 0, 0
202528, 0, 1, 0
202535, 0, 0, 0
202541, 0, 1, 0
202548, 0, 0, 0
202553, 0, 1, 0
202560, 0, 0, 0
202566, 0, 1, 0
202573, 0, 0, 0
202579, 0, 1, 0
202586, 0, 0, 0
202592, 0, 1, 0
202599, 0, 0, 0
202605, 0, 1, 0
202612, 0, 0, 0
202617, 0, 1, 0
202624, 0, 0, 0
202630, 0, 1, 0
202637, 0, 0, 0
202643, 0, 1, 0
202650, 0, 0, 0
202656, 0, 1, 0
202663, 0, 0, 0
202669, 0, 1, 0
202676, 0, 0, 0
202681, 0, 1, 0
202688, 0, 0, 0
202694, 0, 1, 0
202701, 0, 0, 0
202707, 0, 1, 0
202714, 0, 0, 0
202720, 0, 1, 0
202727, 0, 0, 0
202733, 0, 1, 0
202740, 0, 0, 0
202745, 0, 1, 0
202752, 0, 0, 0
202758, 0, 1, 0
202765, 0, 0, 0
202771, 0, 1, 0
202778, 0, 0, 0
202784, 0, 1, 0
202791, 0, 0, 0
202797, 0, 1, 0
202804, 0, 0, 0
202809, 0, 1, 0
202816, 0, 0, 0
202822, 0, 1, 0
202829, 0, 0, 0
202835, 0, 1, 0
202842, 0, 0, 0
202848, 0, 1, 0
202855, 0, 0, 0
202861, 0, 1, 0
202868, 0, 0, 0
202873, 0, 1, 0
202880, 0, 0, 0
202886, 0, 1, 0
202893, 0, 0, 0
202899, 0, 1, 0
202906, 0, 0, 0
202912, 0, 1, 0
202919, 0, 0, 0
202925, 0, 1, 0
202932, 0, 0, 0
202937, 0, 1, 0
202944, 0, 0, 0
202950, 0, 1, 0
202957, 0, 0, 0
202963, 0, 1, 0
202970, 0, 0, 0
202976, 0, 1, 0
202983, 0, 0, 0
202989, 0, 1, 0
202996, 0, 0, 0
203001, 0, 1, 0
203008, 0, 0, 0
203014, 0, 1, 0
203021, 0, 0, 0
203027, 0, 1, 0
203034, 0, 0, 0
203040, 0, 1, 0
203047, 0, 0, 0
203053, 0, 1, 0
203060, 0, 0, 0
203065, 0, 1, 0
203072, 0, 0, 0
203078, 0, 1, 0
203085, 0, 0, 0
203091, 0, 1, 0
203098, 0, 0, 0
203104, 0, 1, 0
203111, 0, 0, 0
203117, 0, 1, 0
203124, 0, 0, 0
203129, 0, 1, 0
203136, 0, 0, 0
203142, 0, 1, 0
203149, 0, 0, 0
203155, 0, 1, 0
203162, 0, 0, 0
203168, 0, 1, 0
203175, 0, 0, 0
203181, 0, 1, 0
203188, 0, 0, 0
203193, 0, 1, 0
203200, 0, 0, 0
203206, 0, 1, 0
203213, 0, 0, 0
203219, 0, 1, 0
203226, 0, 0, 0
203232, 0, 1, 0
203239, 0, 0, 0
203245, 0, 1, 0
203252, 0, 0, 0
203257, 0, 1, 0
203264, 0, 0, 0
203270, 0, 1, 0
203277, 0, 0, 0
203283, 0, 1, 0
203290, 0, 0, 0
203296, 0, 1, 0
203303, 0, 0, 0
203309, 0, 1, 0
203316, 0, 0, 0
203321, 0, 1, 0
203328, 0, 0, 0
203334, 0, 1, 0
203341, 0, 0, 0
203347, 0, 1, 0
203354, 0, 0, 0
203360, 0, 1, 0
203367, 0, 0, 0
203373, 0, 1, 0
203380, 0, 0, 0
203385, 0, 1, 0
203392, 0, 0, 0
203398, 0, 1, 0
203405, 0, 0, 0
203411, 0, 1, 0
203418, 0, 0, 0
203424, 0, 1, 0
203431, 0, 0, 0
203436, 0, 0, 1
203437, 0, 1, 1
203444, 0, 0, 1
203449, 1, 1, 0
203456, 1, 0, 0
203462, 1, 1, 0
203469, 1, 0, 0
203475, 1, 1, 0
203482, 1, 0, 0
203488, 1, 1, 0
203495, 1, 0, 0
203501, 1, 1, 0
203508, 1, 0, 0
203513, 1, 1, 0
203520, 1, 0, 0
203526, 0, 1, 0
203533, 0, 0, 0
203539, 1, 1, 0
203546, 1, 0, 0
203552, 1, 1, 0
203559, 1, 0, 0
203565, 1, 1, 0
203572, 1, 0, 0
203577, 0, 1, 0
203584, 0, 0, 0
203590, 0, 1, 0
203597, 0, 0, 0
203603, 0, 1, 0
203610, 0, 0, 0
203616, 0, 1, 0
203623, 0, 0, 0
203629, 0, 1, 0
203636, 0, 0, 0
203641, 1, 1, 0
203648, 1, 0, 0
203654, 0, 1, 0
203661, 0, 0, 0
203667, 0, 1, 0
203674, 0, 0, 0
203680, 0, 1, 0
203687, 0, 0, 0
203693, 0, 1, 0
203700, 0, 0, 0
203705, 0, 1, 0
203712, 0, 0, 0
203718, 0, 1, 0
203725, 0, 0, 0
203731, 0, 1, 0
203738, 0, 0, 0
203744, 0, 1, 0
203751, 0, 0, 0
203757, 0, 1, 0
203764, 0, 0, 0
203769, 0, 1, 0
203776, 0, 0, 0
203782, 0, 1, 0
203789, 0, 0, 0
203795, 0, 1, 0
203802, 0, 0, 0
203808, 0, 1, 0
203815, 0, 0, 0
203821, 0, 1, 0
203828, 0, 0, 0
203833, 0, 1, 0
203840, 0, 0, 0
203846, 0, 1, 0
203853, 0, 0, 0
203859, 0, 1, 0
203866, 0, 0, 0
203872, 0, 1, 0
203879, 0, 0, 0
203885, 0, 1, 0
203892, 0, 0, 0
203897, 0, 1, 0
203904, 0, 0, 0
203910, 0, 1, 0
203917, 0, 0, 0
203923, 0, 1, 0
203930, 0, 0, 0
203936, 0, 1, 0
203943, 0, 0, 0
203949, 0, 1, 0
203956, 0, 0, 0
203961, 0, 1, 0
203968, 0, 0, 0
203974, 0, 1, 0
203981, 0, 0, 0
203987, 0, 1, 0
203994, 0, 0, 0
204000, 0, 1, 0
204007, 0, 0, 0
204013, 0, 1, 0
204020, 0, 0, 0
204025, 0, 1, 0
204032, 0, 0, 0
204038, 0, 1, 0
204045, 0, 0, 0
204051, 0, 1, 0
204058, 0, 0, 0
204064, 0, 1, 0
204071, 0, 0, 0
204077, 0, 1, 0
204084, 0, 0, 0
204089, 0, 1, 0
204096, 0, 0, 0
204102, 0, 1, 0
204109, 0, 0, 0
204115, 0, 1, 0
204122, 0, 0, 0
204128, 0, 1, 0
204135, 0, 0, 0
204141, 0, 1, 0
204148, 0, 0, 0
204153, 0, 1, 0
204160, 0, 0, 0
204166, 0, 1, 0
204173, 0, 0, 0
204179, 0, 1, 0
204186, 0, 0, 0
204192, 0, 1, 0
204199, 0, 0, 0
204205, 0, 1, 0
204212, 0, 0, 0
204217, 0, 1, 0
204224, 0, 0, 0
204230, 0, 1, 0
204237, 0, 0, 0
204243, 0, 1, 0
204250, 0, 0, 0
204256, 0, 1, 0
204263, 0, 0, 0
204269, 0, 1, 0
204276, 0, 0, 0
204281, 0, 1, 0
204288, 0, 0, 0
204294, 0, 1, 0
204301, 0, 0, 0
204307, 0, 1, 0
204314, 0, 0, 0
204320, 0, 1, 0
204327, 0, 0, 0
204333, 0, 1, 0
204340, 0, 0, 0
204345, 0, 1, 0
204352, 0, 0, 0
204358, 0, 1, 0
204365, 0, 0, 0
204371, 0, 1, 0
204378, 0, 0, 0
204384, 0, 1, 0
204391, 0, 0, 0
204397, 0, 1, 0
204404, 0, 0, 0
204409, 0, 1, 0
204416, 0, 0, 0
204422, 0, 1, 0
204429, 0, 0, 0
204435, 0, 1, 0
204442, 0, 0, 0
204448, 0, 1, 0
204455, 0, 0, 0
204461, 0, 1, 0
204468, 0, 0, 0
204473, 0, 1, 0
204480, 0, 0, 0
204486, 0, 1, 0
204493, 0, 0, 0
204499, 0, 1, 0
204506, 0, 0, 0
204512, 0, 1, 0
204519, 0, 0, 0
204525, 0, 1, 0
204532, 0, 0, 0
204537, 0, 1, 0
204544, 0, 0, 0
204550, 0, 1, 0
204557, 0, 0, 0
204563, 0, 1, 0
204570, 0, 0, 0
204576, 0, 1, 0
204583, 0, 0, 0
204589, 0, 1, 0
204596, 0, 0, 0
204601, 0, 1, 0
204608, 0, 0, 0
204614, 0, 1, 0
204621, 0, 0, 0
204627, 0, 1, 0
204634, 0, 0, 0
204640, 0, 1, 0
204647, 0, 0, 0
204653, 0, 1, 0
204660, 0, 0, 0
204665, 0, 1, 0
204672, 0, 0, 0
204678, 0, 1, 0
204685, 0, 0, 0
204691, 0, 1, 0
204698, 0, 0, 0
204704, 0, 1, 0
204711, 0, 0, 0
204717, 0, 1, 0
204724, 0, 0, 0
204729, 0, 1, 0
204736, 0, 0, 0
204742, 0, 1, 0
204749, 0, 0, 0
204755, 0, 1, 0
204762, 0, 0, 0
204768, 0, 1, 0
204775, 0, 0, 0
204781, 0, 1, 0
204788, 0, 0, 0
204793, 0, 1, 0
204800, 0, 0, 0
204806, 0, 1, 0
204813, 0, 0, 0
204819, 0, 1, 0
204826, 0, 0, 0
204832, 0, 1, 0
204839, 0, 0, 0
204845, 0, 1, 0
204852, 0, 0, 0
204857, 0, 1, 0
204864, 0, 0, 0
204870, 0, 1, 0
204877, 0, 0, 0
204883, 0, 1, 0
204890, 0, 0, 0
204896, 0, 1, 0
204903, 0, 0, 0
204909, 0, 1, 0
204916, 0, 0, 0
204921, 0, 1, 0
204928, 0, 0, 0
204934, 0, 1, 0
204941, 0, 0, 0
204947, 0, 1, 0
204954, 0, 0, 0
204960, 0, 1, 0
204967, 0, 0, 0
204973, 0, 1, 0
204980, 0, 0, 0
204985, 0, 1, 0
204992, 0, 0, 0
204998, 0, 1, 0
205005, 0, 0, 0
205011, 0, 1, 0
205018, 0, 0, 0
205024, 0, 1, 0
205031, 0, 0, 0
205037, 0, 1, 0
205044, 0, 0, 0
205049, 0, 1, 0
205057, 0, 0, 0
205062, 0, 1, 0
205069, 0, 0, 0
205075, 0, 1, 1
205082, 0, 0, 1
205087, 1, 0, 1
205088, 1, 1, 0
205095, 1, 0, 0
205101, 1, 1, 0
205108, 1, 0, 0
205113, 1, 1, 0
205121, 1, 0, 0
205126, 1, 1, 0
205133, 1, 0, 0
205139, 1, 1, 0
205146, 1, 0, 0
205152, 1, 1, 0
205159, 1, 0, 0
205164, 0, 0, 0
205165, 0, 1, 0
205172, 0, 0, 0
205177, 1, 1, 0
205185, 1, 0, 0
205190, 1, 1, 0
205197, 1, 0, 0
205203, 1, 1, 0
205210, 1, 0, 0
205215, 0, 0, 0
205216, 0, 1, 0
205223, 0, 0, 0
205229, 0, 1, 0
205236, 0, 0, 0
205241, 0, 1, 0
205249, 0, 0, 0
205254, 0, 1, 0
205261, 0, 0, 0
205267, 0, 1, 0
205274, 0, 0, 0
205279, 1, 0, 0
205280, 1, 1, 0
205287, 1, 0, 0
205292, 0, 0, 0
205293, 0, 1, 0
205300, 0, 0, 0
205305, 0, 1, 0
205313, 0, 0, 0
205318, 0, 1, 0
205325, 0, 0, 0
205331, 0, 1, 0
205338, 0, 0, 0
205344, 0, 1, 0
205351, 0, 0, 0
205357, 0, 1, 0
205364, 0, 0, 0
205369, 0, 1, 0
205377, 0, 0, 0
205382, 0, 1, 0
205389, 0, 0, 0
205395, 0, 1, 0
205402, 0, 0, 0
205408, 0, 1, 0
205415, 0, 0, 0
205421, 0, 1, 0
205428, 0, 0, 0
205433, 0, 1, 0
205441, 0, 0, 0
205446, 0, 1, 0
205453, 0, 0, 0
205459, 0, 1, 0
205466, 0, 0, 0
205472, 0, 1, 0
205479, 0, 0, 0
205485, 0, 1, 0
205492, 0, 0, 0
205497, 0, 1, 0
205505, 0, 0, 0
205510, 0, 1, 0
205517, 0, 0, 0
205523, 0, 1, 0
205530, 0, 0, 0
205536, 0, 1, 0
205543, 0, 0, 0
205549, 0, 1, 0
205556, 0, 0, 0
205561, 0, 1, 0
205569, 0, 0, 0
205574, 0, 1, 0
205581, 0, 0, 0
205587, 0, 1, 0
205594, 0, 0, 0
205600, 0, 1, 0
205607, 0, 0, 0
205613, 0, 1, 0
205620, 0, 0, 0
205625, 0, 1, 0
205633, 0, 0, 0
205638, 0, 1, 0
205645, 0, 0, 0
205651, 0, 1, 0
205658, 0, 0, 0
205664, 0, 1, 0
205671, 0, 0, 0
205677, 0, 1, 0
205684, 0, 0, 0
205689, 0, 1, 0
205697, 0, 0, 0
205702, 0, 1, 0
205709, 0, 0, 0
205715, 0, 1, 0
205722, 0, 0, 0
205728, 0, 1, 0
205735, 0, 0, 0
205741, 0, 1, 0
205748, 0, 0, 0
205753, 0, 1, 0
205761, 0, 0, 0
205766, 0, 1, 0
205773, 0, 0, 0
205779, 0, 1, 0
205786, 0, 0, 0
205792, 0, 1, 0
205799, 0, 0, 0
205805, 0, 1, 0
205812, 0, 0, 0
205818, 0, 1, 0
205825, 0, 0, 0
205830, 0, 1, 0
205837, 0, 0, 0
205843, 0, 1, 0
205850, 0, 0, 0
205856, 0, 1, 0
205863, 0, 0, 0
205869, 0, 1, 0
205876, 0, 0, 0
205882, 0, 1, 0
205889, 0, 0, 0
205894, 0, 1, 0
205901, 0, 0, 0
205907, 0, 1, 0
205914, 0, 0, 0
205920, 0, 1, 0
205927, 0, 0, 0
205933, 0, 1, 0
205940, 0, 0, 0
205946, 0, 1, 0
205953, 0, 0, 0
205958, 0, 1, 0
205965, 0, 0, 0
205971, 0, 1, 0
205978, 0, 0, 0
205984, 0, 1, 0
205991, 0, 0, 0
205997, 0, 1, 0
206004, 0, 0, 0
206010, 0, 1, 0
206017, 0, 0, 0
206022, 0, 1, 0
206029, 0, 0, 0
206035, 0, 1, 0
206042, 0, 0, 0
206048, 0, 1, 0
206055, 0, 0, 0
206061, 0, 1, 0
206068, 0, 0, 0
206074, 0, 1, 0
206081, 0, 0, 0
206086, 0, 1, 0
206093, 0, 0, 0
206099, 0, 1, 0
206106, 0, 0, 0
206112, 0, 1, 0
206119, 0, 0, 0
206125, 0, 1, 0
206132, 0, 0, 0
206138, 0, 1, 0
206145, 0, 0, 0
206150, 0, 1, 0
206157, 0, 0, 0
206163, 0, 1, 0
206170, 0, 0, 0
206176, 0, 1, 0
206183, 0, 0, 0
206189, 0, 1, 0
206196, 0, 0, 0
206202, 0, 1, 0
206209, 0, 0, 0
206214, 0, 1, 0
206221, 0, 0, 0
206227, 0, 1, 0
206234, 0, 0, 0
206240, 0, 1, 0
206247, 0, 0, 0
206253, 0, 1, 0
206260, 0, 0, 0
206266, 0, 1, 0
206273, 0, 0, 0
206278, 0, 1, 0
206285, 0, 0, 0
206291, 0, 1, 0
206298, 0, 0, 0
206304, 0, 1, 0
206311, 0, 0, 0
206317, 0, 1, 0
206324, 0, 0, 0
206330, 0, 1, 0
206337, 0, 0, 0
206342, 0, 1, 0
206349, 0, 0, 0
206355, 0, 1, 0
206362, 0, 0, 0
206368, 0, 1, 0
206375, 0, 0, 0
206381, 0, 1, 0
206388, 0, 0, 0
206394, 0, 1, 0
206401, 0, 0, 0
206406, 0, 1, 0
206413, 0, 0, 0
206419, 0, 1, 0
206426, 0, 0, 0
206432, 0, 1, 0
206439, 0, 0, 0
206445, 0, 1, 0
206452, 0, 0, 0
206458, 0, 1, 0
206465, 0, 0, 0
206470, 0, 1, 0
206477, 0, 0, 0
206483, 0, 1, 0
206490, 0, 0, 0
206496, 0, 1, 0
206503, 0, 0, 0
206509, 0, 1, 0
206516, 0, 0, 0
206522, 0, 1, 0
206529, 0, 0, 0
206534, 0, 1, 0
206541, 0, 0, 0
206547, 0, 1, 0
206554, 0, 0, 0
206560, 0, 1, 0
206567, 0, 0, 0
206573, 0, 1, 0
206580, 0, 0, 0
206586, 0, 1, 0
206593, 0, 0, 0
206598, 0, 1, 0
206605, 0, 0, 0
206611, 0, 1, 0
206618, 0, 0, 0
206624, 0, 1, 0
206631, 0, 0, 0
206637, 0, 1, 0
206644, 0, 0, 0
206650, 0, 1, 0
206657, 0, 0, 0
206662, 0, 1, 0
206669, 0, 0, 0
206675, 0, 1, 0
206682, 0, 0, 0
206688, 0, 1, 0
206695, 0, 0, 0
206701, 0, 1, 0
206708, 0, 0, 0
206713, 0, 0, 1
206714, 0, 1, 1
206721, 0, 0, 1
206726, 1, 1, 0
206733, 1, 0, 0
206739, 1, 1, 0
206746, 1, 0, 0
206752, 1, 1, 0
206759, 1, 0, 0
206765, 1, 1, 0
206772, 1, 0, 0
206778, 1, 1, 0
206785, 1, 0, 0
206790, 1, 1, 0
206797, 1, 0, 0
206803, 0, 1, 0
206810, 0, 0, 0
206815, 1, 0, 0
206816, 1, 1, 0
206823, 1, 0, 0
206829, 1, 1, 0
206836, 1, 0, 0
206842, 1, 1, 0
206849, 1, 0, 0
206854, 0, 1, 0
206861, 0, 0, 0
206867, 0, 1, 0
206874, 0, 0, 0
206880, 0, 1, 0
206887, 0, 0, 0
206893, 0, 1, 0
206900, 0, 0, 0
206906, 0, 1, 0
206913, 0, 0, 0
206918, 1, 1, 0
206925, 1, 0, 0
206931, 0, 1, 0
206938, 0, 0, 0
206944, 0, 1, 0
206951, 0, 0, 0
206957, 0, 1, 0
206964, 0, 0, 0
206970, 0, 1, 0
206977, 0, 0, 0
206982, 0, 1, 0
206989, 0, 0, 0
206995, 0, 1, 0
207002, 0, 0, 0
207008, 0, 1, 0
207015, 0, 0, 0
207021, 0, 1, 0
207028, 0, 0, 0
207034, 0, 1, 0
207041, 0, 0, 0
207046, 0, 1, 0
207053, 0, 0, 0
207059, 0, 1, 0
207066, 0, 0, 0
207072, 0, 1, 0
207079, 0, 0, 0
207085, 0, 1, 0
207092, 0, 0, 0
207098, 0, 1, 0
207105, 0, 0, 0
207110, 0, 1, 0
207117, 0, 0, 0
207123, 0, 1, 0
207130, 0, 0, 0
207136, 0, 1, 0
207143, 0, 0, 0
207149, 0, 1, 0
207156, 0, 0, 0
207162, 0, 1, 0
207169, 0, 0, 0
207174, 0, 1, 0
207181, 0, 0, 0
207187, 0, 1, 0
207194, 0, 0, 0
207200, 0, 1, 0
207207, 0, 0, 0
207213, 0, 1, 0
207220, 0, 0, 0
207226, 0, 1, 0
207233, 0, 0, 0
207238, 0, 1, 0
207245, 0, 0, 0
207251, 0, 1, 0
207258, 0, 0, 0
207264, 0, 1, 0
207271, 0, 0, 0
207277, 0, 1, 0
207284, 0, 0, 0
207290, 0, 1, 0
207297, 0, 0, 0
207302, 0, 1, 0
207309, 0, 0, 0
207315, 0, 1, 0
207322, 0, 0, 0
207328, 0, 1, 0
207335, 0, 0, 0
207341, 0, 1, 0
207348, 0, 0, 0
207354, 0, 1, 0
207361, 0, 0, 0
207366, 0, 1, 0
207373, 0, 0, 0
207379, 0, 1, 0
207386, 0, 0, 0
207392, 0, 1, 0
207399, 0, 0, 0
207405, 0, 1, 0
207412, 0, 0, 0
207418, 0, 1, 0
207425, 0, 0, 0
207430, 0, 1, 0
207437, 0, 0, 0
207443, 0, 1, 0
207450, 0, 0, 0
207456, 0, 1, 0
207463, 0, 0, 0
207469, 0, 1, 0
207476, 0, 0, 0
207482, 0, 1, 0
207489, 0, 0, 0
207494, 0, 1, 0
207501, 0, 0, 0
207507, 0, 1, 0
207514, 0, 0, 0
207520, 0, 1, 0
207527, 0, 0, 0
207533, 0, 1, 0
207540, 0, 0, 0
207546, 0, 1, 0
207553, 0, 0, 0
207558, 0, 1, 0
207565, 0, 0, 0
207571, 0, 1, 0
207578, 0, 0, 0
207584, 0, 1, 0
207591, 0, 0, 0
207597, 0, 1, 0
207604, 0, 0, 0
207610, 0, 1, 0
207617, 0, 0, 0
207622, 0, 1, 0
207629, 0, 0, 0
207635, 0, 1, 0
207642, 0, 0, 0
207648, 0, 1, 0
207655, 0, 0, 0
207661, 0, 1, 0
207668, 0, 0, 0
207674, 0, 1, 0
207681, 0, 0, 0
207686, 0, 1, 0
207693, 0, 0, 0
207699, 0, 1, 0
207706, 0, 0, 0
207712, 0, 1, 0
207719, 0, 0, 0
207725, 0, 1, 0
207732, 0, 0, 0
207738, 0, 1, 0
207745, 0, 0, 0
207750, 0, 1, 0
207757, 0, 0, 0
207763, 0, 1, 0
207770, 0, 0, 0
207776, 0, 1, 0
207783, 0, 0, 0
207789, 0, 1, 0
207796, 0, 0, 0
207802, 0, 1, 0
207809, 0, 0, 0
207814, 0, 1, 0
207821, 0, 0, 0
207827, 0, 1, 0
207834, 0, 0, 0
207840, 0, 1, 0
207847, 0, 0, 0
207853, 0, 1, 0
207860, 0, 0, 0
207866, 0, 1, 0
207873, 0, 0, 0
207878, 0, 1, 0
207885, 0, 0, 0
207891, 0, 1, 0
207898, 0, 0, 0
207904, 0, 1, 0
207911, 0, 0, 0
207917, 0, 1, 0
207924, 0, 0, 0
207930, 0, 1, 0
207937, 0, 0, 0
207942, 0, 1, 0
207949, 0, 0, 0
207955, 0, 1, 0
207962, 0, 0, 0
207968, 0, 1, 0
207975, 0, 0, 0
207981, 0, 1, 0
207988, 0, 0, 0
207994, 0, 1, 0
208001, 0, 0, 0
208006, 0, 1, 0
208013, 0, 0, 0
208019, 0, 1, 0
208026, 0, 0, 0
208032, 0, 1, 0
208039, 0, 0, 0
208045, 0, 1, 0
208052, 0, 0, 0
208058, 0, 1, 0
208065, 0, 0, 0
208070, 0, 1, 0
208077, 0, 0, 0
208083, 0, 1, 0
208090, 0, 0, 0
208096, 0, 1, 0
208103, 0, 0, 0
208109, 0, 1, 0
208116, 0, 0, 0
208122, 0, 1, 0
208129, 0, 0, 0
208134, 0, 1, 0
208141, 0, 0, 0
208147, 0, 1, 0
208154, 0, 0, 0
208160, 0, 1, 0
208167, 0, 0, 0
208173, 0, 1, 0
208180, 0, 0, 0
208186, 0, 1, 0
208193, 0, 0, 0
208198, 0, 1, 0
208205, 0, 0, 0
208211, 0, 1, 0
208218, 0, 0, 0
208224, 0, 1, 0
208231, 0, 0, 0
208237, 0, 1, 0
208244, 0, 0, 0
208250, 0, 1, 0
208257, 0, 0, 0
208262, 0, 1, 0
208269, 0, 0, 0
208275, 0, 1, 0
208282, 0, 0, 0
208288, 0, 1, 0
208295, 0, 0, 0
208301, 0, 1, 0
208308, 0, 0, 0
208314, 0, 1, 0
208321, 0, 0, 0
208326, 0, 1, 0
208333, 0, 0, 0
208339, 0, 1, 0
208346, 0, 0, 0
208352, 0, 1, 1
208359, 0, 0, 1
208364, 1, 0, 1
208365, 1, 1, 0
208372, 1, 0, 0
208378, 1, 1, 0
208385, 1, 0, 0
208390, 1, 1, 0
208397, 1, 0, 0
208403, 1, 1, 0
208410, 1, 0, 0
208416, 1, 1, 0
208423, 1, 0, 0
208429, 1, 1, 0
208436, 1, 0, 0
208441, 0, 0, 0
208442, 0, 1, 0
208449, 0, 0, 0
208454, 1, 1, 0
208461, 1, 0, 0
208467, 1, 1, 0
208474, 1, 0, 0
208480, 1, 1, 0
208487, 1, 0, 0
208492, 0, 0, 0
208493, 0, 1, 0
208500, 0, 0, 0
208506, 0, 1, 0
208513, 0, 0, 0
208518, 0, 1, 0
208525, 0, 0, 0
208531, 0, 1, 0
208538, 0, 0, 0
208544, 0, 1, 0
208551, 0, 0, 0
208556, 1, 0, 0
208557, 1, 1, 0
208564, 1, 0, 0
208569, 0, 0, 0
208570, 0, 1, 0
208577, 0, 0, 0
208582, 0, 1, 0
208589, 0, 0, 0
208595, 0, 1, 0
208602, 0, 0, 0
208608, 0, 1, 0
208615, 0, 0, 0
208621, 0, 1, 0
208628, 0, 0, 0
208634, 0, 1, 0
208641, 0, 0, 0
208646, 0, 1, 0
208653, 0, 0, 0
208659, 0, 1, 0
208666, 0, 0, 0
208672, 0, 1, 0
208679, 0, 0, 0
208685, 0, 1, 0
208692, 0, 0, 0
208698, 0, 1, 0
208705, 0, 0, 0
208710, 0, 1, 0
208717, 0, 0, 0
208723, 0, 1, 0
208730, 0, 0, 0
208736, 0, 1, 0
208743, 0, 0, 0
208749, 0, 1, 0
208756, 0, 0, 0
208762, 0, 1, 0
208769, 0, 0, 0
208774, 0, 1, 0
208781, 0, 0, 0
208787, 0, 1, 0
208794, 0, 0, 0
208800, 0, 1, 0
208807, 0, 0, 0
208813, 0, 1, 0
208820, 0, 0, 0
208826, 0, 1, 0
208833, 0, 0, 0
208838, 0, 1, 0
208845, 0, 0, 0
208851, 0, 1, 0
208858, 0, 0, 0
208864, 0, 1, 0
208871, 0, 0, 0
208877, 0, 1, 0
208884, 0, 0, 0
208890, 0, 1, 0
208897, 0, 0, 0
208902, 0, 1, 0
208909, 0, 0, 0
208915, 0, 1, 0
208922, 0, 0, 0
208928, 0, 1, 0
208935, 0, 0, 0
208941, 0, 1, 0
208948, 0, 0, 0
208954, 0, 1, 0
208961, 0, 0, 0
208966, 0, 1, 0
208973, 0, 0, 0
208979, 0, 1, 0
208986, 0, 0, 0
208992, 0, 1, 0
208999, 0, 0, 0
209005, 0, 1, 0
209012, 0, 0, 0
209018, 0, 1, 0
209025, 0, 0, 0
209030, 0, 1, 0
209037, 0, 0, 0
209043, 0, 1, 0
209050, 0, 0, 0
209056, 0, 1, 0
209063, 0, 0, 0
209069, 0, 1, 0
209076, 0, 0, 0
209082, 0, 1, 0
209089, 0, 0, 0
209094, 0, 1, 0
209101, 0, 0, 0
209107, 0, 1, 0
209114, 0, 0, 0
209120, 0, 1, 0
209127, 0, 0, 0
209133, 0, 1, 0
209140, 0, 0, 0
209146, 0, 1, 0
209153, 0, 0, 0
209158, 0, 1, 0
209165, 0, 0, 0
209171, 0, 1, 0
209178, 0, 0, 0
209184, 0, 1, 0
209191, 0, 0, 0
209197, 0, 1, 0
209204, 0, 0, 0
209210, 0, 1, 0
209217, 0, 0, 0
209222, 0, 1, 0
209229, 0, 0, 0
209235, 0, 1, 0
209242, 0, 0, 0
209248, 0, 1, 0
209255, 0, 0, 0
209261, 0, 1, 0
209268, 0, 0, 0
209274, 0, 1, 0
209281, 0, 0, 0
209286, 0, 1, 0
209293, 0, 0, 0
209299, 0, 1, 0
209306, 0, 0, 0
209312, 0, 1, 0
209319, 0, 0, 0
209325, 0, 1, 0
209332, 0, 0, 0
209338, 0, 1, 0
209345, 0, 0, 0
209350, 0, 1, 0
209357, 0, 0, 0
209363, 0, 1, 0
209370, 0, 0, 0
209376, 0, 1, 0
209383, 0, 0, 0
209389, 0, 1, 0
209396, 0, 0, 0
209402, 0, 1, 0
209409, 0, 0, 0
209414, 0, 1, 0
209421, 0, 0, 0
209427, 0, 1, 0
209434, 0, 0, 0
209440, 0, 1, 0
209447, 0, 0, 0
209453, 0, 1, 0
209460, 0, 0, 0
209466, 0, 1, 0
209473, 0, 0, 0
209478, 0, 1, 0
209485, 0, 0, 0
209491, 0, 1, 0
209498, 0, 0, 0
209504, 0, 1, 0
209511, 0, 0, 0
209517, 0, 1, 0
209524, 0, 0, 0
209530, 0, 1, 0
209537, 0, 0, 0
209542, 0, 1, 0
209549, 0, 0, 0
209555, 0, 1, 0
209562, 0, 0, 0
209568, 0, 1, 0
209575, 0, 0, 0
209581, 0, 1, 0
209588, 0, 0, 0
209594, 0, 1, 0
209601, 0, 0, 0
209606, 0, 1, 0
209613, 0, 0, 0
209619, 0, 1, 0
209626, 0, 0, 0
209632, 0, 1, 0
209639, 0, 0, 0
209645, 0, 1, 0
209652, 0, 0, 0
209658, 0, 1, 0
209665, 0, 0, 0
209670, 0, 1, 0
209677, 0, 0, 0
209683, 0, 1, 0
209690, 0, 0, 0
209696, 0, 1, 0
209703, 0, 0, 0
209709, 0, 1, 0
209716, 0, 0, 0
209722, 0, 1, 0
209729, 0, 0, 0
209734, 0, 1, 0
209741, 0, 0, 0
209747, 0, 1, 0
209754, 0, 0, 0
209760, 0, 1, 0
209767, 0, 0, 0
209773, 0, 1, 0
209780, 0, 0, 0
209786, 0, 1, 0
209793, 0, 0, 0
209798, 0, 1, 0
209805, 0, 0, 0
209811, 0, 1, 0
209818, 0, 0, 0
209824, 0, 1, 0
209831, 0, 0, 0
209837, 0, 1, 0
209844, 0, 0, 0
209850, 0, 1, 0
209857, 0, 0, 0
209862, 0, 1, 0
209870, 0, 0, 0
209875, 0, 1, 0
209882, 0, 0, 0
209888, 0, 1, 0
209895, 0, 0, 0
209901, 0, 1, 0
209908, 0, 0, 0
209914, 0, 1, 0
209921, 0, 0, 0
209926, 0, 1, 0
209933, 0, 0, 0
209939, 0, 1, 0
209946, 0, 0, 0
209952, 0, 1, 0
209959, 0, 0, 0
209965, 0, 1, 0
209972, 0, 0, 0
209978, 0, 1, 0
209985, 0, 0, 0
209990, 0, 1, 1
209998, 0, 0, 1
210003, 1, 1, 0
210010, 1, 0, 0
210016, 1, 1, 0
210023, 1, 0, 0
210029, 1, 1, 0
210036, 1, 0, 0
210042, 1, 1, 0
210049, 1, 0, 0
210054, 1, 1, 0
210062, 1, 0, 0
210067, 1, 1, 0
210074, 1, 0, 0
210080, 0, 1, 0
210087, 0, 0, 0
210092, 1, 0, 0
210093, 1, 1, 0
210100, 1, 0, 0
210106, 1, 1, 0
210113, 1, 0, 0
210118, 1, 1, 0
210126, 1, 0, 0
210131, 0, 1, 0
210138, 0, 0, 0
210144, 0, 1, 0
210151, 0, 0, 0
210157, 0, 1, 0
210164, 0, 0, 0
210170, 0, 1, 0
210177, 0, 0, 0
210182, 0, 1, 0
210190, 0, 0, 0
210195, 1, 1, 0
210202, 1, 0, 0
210208, 0, 1, 0
210215, 0, 0, 0
210221, 0, 1, 0
210228, 0, 0, 0
210234, 0, 1, 0
210241, 0, 0, 0
210246, 0, 1, 0
210254, 0, 0, 0
210259, 0, 1, 0
210266, 0, 0, 0
210272, 0, 1, 0
210279, 0, 0, 0
210285, 0, 1, 0
210292, 0, 0, 0
210298, 0, 1, 0
210305, 0, 0, 0
210310, 0, 1, 0
210318, 0, 0, 0
210323, 0, 1, 0
210330, 0, 0, 0
210336, 0, 1, 0
210343, 0, 0, 0
210349, 0, 1, 0
210356, 0, 0, 0
210362, 0, 1, 0
210369, 0, 0, 0
210374, 0, 1, 0
210382, 0, 0, 0
210387, 0, 1, 0
210394, 0, 0, 0
210400, 0, 1, 0
210407, 0, 0, 0
210413, 0, 1, 0
210420, 0, 0, 0
210426, 0, 1, 0
210433, 0, 0, 0
210438, 0, 1, 0
210446, 0, 0, 0
210451, 0, 1, 0
210458, 0, 0, 0
210464, 0, 1, 0
210471, 0, 0, 0
210477, 0, 1, 0
210484, 0, 0, 0
210490, 0, 1, 0
210497, 0, 0, 0
210502, 0, 1, 0
210510, 0, 0, 0
210515, 0, 1, 0
210522, 0, 0, 0
210528, 0, 1, 0
210535, 0, 0, 0
210541, 0, 1, 0
210548, 0, 0, 0
210554, 0, 1, 0
210561, 0, 0, 0
210566, 0, 1, 0
210574, 0, 0, 0
210579, 0, 1, 0
210586, 0, 0, 0
210592, 0, 1, 0
210599, 0, 0, 0
210605, 0, 1, 0
210612, 0, 0, 0
210618, 0, 1, 0
210625, 0, 0, 0
210630, 0, 1, 0
210638, 0, 0, 0
210643, 0, 1, 0
210650, 0, 0, 0
210656, 0, 1, 0
210663, 0, 0, 0
210669, 0, 1, 0
210676, 0, 0, 0
210682, 0, 1, 0
210689, 0, 0, 0
210694, 0, 1, 0
210702, 0, 0, 0
210707, 0, 1, 0
210714, 0, 0, 0
210720, 0, 1, 0
210727, 0, 0, 0
210733, 0, 1, 0
210740, 0, 0, 0
210746, 0, 1, 0
210753, 0, 0, 0
210759, 0, 1, 0
210766, 0, 0, 0
210771, 0, 1, 0
210778, 0, 0, 0
210784, 0, 1, 0
210791, 0, 0, 0
210797, 0, 1, 0
210804, 0, 0, 0
210810, 0, 1, 0
210817, 0, 0, 0
210823, 0, 1, 0
210830, 0, 0, 0
210835, 0, 1, 0
210842, 0, 0, 0
210848, 0, 1, 0
210855, 0, 0, 0
210861, 0, 1, 0
210868, 0, 0, 0
210874, 0, 1, 0
210881, 0, 0, 0
210887, 0, 1, 0
210894, 0, 0, 0
210899, 0, 1, 0
210906, 0, 0, 0
210912, 0, 1, 0
210919, 0, 0, 0
210925, 0, 1, 0
210932, 0, 0, 0
210938, 0, 1, 0
210945, 0, 0, 0
210951, 0, 1, 0
210958, 0, 0, 0
210963, 0, 1, 0
210970, 0, 0, 0
210976, 0, 1, 0
210983, 0, 0, 0
210989, 0, 1, 0
210996, 0, 0, 0
211002, 0, 1, 0
211009, 0, 0, 0
211015, 0, 1, 0
211022, 0, 0, 0
211027, 0, 1, 0
211034, 0, 0, 0
211040, 0, 1, 0
211047, 0, 0, 0
211053, 0, 1, 0
211060, 0, 0, 0
211066, 0, 1, 0
211073, 0, 0, 0
211079, 0, 1, 0
211086, 0, 0, 0
211091, 0, 1, 0
211098, 0, 0, 0
211104, 0, 1, 0
211111, 0, 0, 0
211117, 0, 1, 0
211124, 0, 0, 0
211130, 0, 1, 0
211137, 0, 0, 0
211143, 0, 1, 0
211150, 0, 0, 0
211155, 0, 1, 0
211162, 0, 0, 0
211168, 0, 1, 0
211175, 0, 0, 0
211181, 0, 1, 0
211188, 0, 0, 0
211194, 0, 1, 0
211201, 0, 0, 0
211207, 0, 1, 0
211214, 0, 0, 0
211219, 0, 1, 0
211226, 0, 0, 0
211232, 0, 1, 0
211239, 0, 0, 0
211245, 0, 1, 0
211252, 0, 0, 0
211258, 0, 1, 0
211265, 0, 0, 0
211271, 0, 1, 0
211278, 0, 0, 0
211283, 0, 1, 0
211290, 0, 0, 0
211296, 0, 1, 0
211303, 0, 0, 0
211309, 0, 1, 0
211316, 0, 0, 0
211322, 0, 1, 0
211329, 0, 0, 0
211335, 0, 1, 0
211342, 0, 0, 0
211347, 0, 1, 0
211354, 0, 0, 0
211360, 0, 1, 0
211367, 0, 0, 0
211373, 0, 1, 0
211380, 0, 0, 0
211386, 0, 1, 0
211393, 0, 0, 0
211399, 0, 1, 0
211406, 0, 0, 0
211411, 0, 1, 0
211418, 0, 0, 0
211424, 0, 1, 0
211431, 0, 0, 0
211437, 0, 1, 0
211444, 0, 0, 0
211450, 0, 1, 0
211457, 0, 0, 0
211463, 0, 1, 0
211470, 0, 0, 0
211475, 0, 1, 0
211482, 0, 0, 0
211488, 0, 1, 0
211495, 0, 0, 0
211501, 0, 1, 0
211508, 0, 0, 0
211514, 0, 1, 0
211521, 0, 0, 0
211527, 0, 1, 0
211534, 0, 0, 0
211539, 0, 1, 0
211546, 0, 0, 0
211552, 0, 1, 0
211559, 0, 0, 0
211565, 0, 1, 0
211572, 0, 0, 0
211578, 0, 1, 0
211585, 0, 0, 0
211591, 0, 1, 0
211598, 0, 0, 0
211603, 0, 1, 0
211610, 0, 0, 0
211616, 0, 1, 0
211623, 0, 0, 0
211629, 0, 1, 1
211636, 0, 0, 1
211641, 1, 0, 1
211642, 1, 1, 0
211649, 1, 0, 0
211655, 1, 1, 0
211662, 1, 0, 0
211667, 1, 1, 0
211674, 1, 0, 0
211680, 1, 1, 0
211687, 1, 0, 0
211693, 1, 1, 0
211700, 1, 0, 0
211706, 1, 1, 0
211713, 1, 0, 0
211718, 0, 0, 0
211719, 0, 1, 0
211726, 0, 0, 0
211731, 1, 1, 0
211738, 1, 0, 0
211744, 1, 1, 0
211751, 1, 0, 0
211757, 1, 1, 0
211764, 1, 0, 0
211769, 0, 0, 0
211770, 0, 1, 0
211777, 0, 0, 0
211783, 0, 1, 0
211790, 0, 0, 0
211795, 0, 1, 0
211802, 0, 0, 0
211808, 0, 1, 0
211815, 0, 0, 0
211821, 0, 1, 0
211828, 0, 0, 0
211833, 1, 0, 0
211834, 1, 1, 0
211841, 1, 0, 0
211846, 0, 0, 0
211847, 0, 1, 0
211854, 0, 0, 0
211859, 0, 1, 0
211866, 0, 0, 0
211872, 0, 1, 0
211879, 0, 0, 0
211885, 0, 1, 0
211892, 0, 0, 0
211898, 0, 1, 0
211905, 0, 0, 0
211911, 0, 1, 0
211918, 0, 0, 0
211923, 0, 1, 0
211930, 0, 0, 0
211936, 0, 1, 0
211943, 0, 0, 0
211949, 0, 1, 0
211956, 0, 0, 0
211962, 0, 1, 0
211969, 0, 0, 0
211975, 0, 1, 0
211982, 0, 0, 0
211987, 0, 1, 0
211994, 0, 0, 0
212000, 0, 1, 0
212007, 0, 0, 0
212013, 0, 1, 0
212020, 0, 0, 0
212026, 0, 1, 0
212033, 0, 0, 0
212039, 0, 1, 0
212046, 0, 0, 0
212051, 0, 1, 0
212058, 0, 0, 0
212064, 0, 1, 0
212071, 0, 0, 0
212077, 0, 1, 0
212084, 0, 0, 0
212090, 0, 1, 0
212097, 0, 0, 0
212103, 0, 1, 0
212110, 0, 0, 0
212115, 0, 1, 0
212122, 0, 0, 0
212128, 0, 1, 0
212135, 0, 0, 0
212141, 0, 1, 0
212148, 0, 0, 0
212154, 0, 1, 0
212161, 0, 0, 0
212167, 0, 1, 0
212174, 0, 0, 0
212179, 0, 1, 0
212186, 0, 0, 0
212192, 0, 1, 0
212199, 0, 0, 0
212205, 0, 1, 0
212212, 0, 0, 0
212218, 0, 1, 0
212225, 0, 0, 0
212231, 0, 1, 0
212238, 0, 0, 0
212243, 0, 1, 0
212250, 0, 0, 0
212256, 0, 1, 0
212263, 0, 0, 0
212269, 0, 1, 0
212276, 0, 0, 0
212282, 0, 1, 0
212289, 0, 0, 0
212295, 0, 1, 0
212302, 0, 0, 0
212307, 0, 1, 0
212314, 0, 0, 0
212320, 0, 1, 0
212327, 0, 0, 0
212333, 0, 1, 0
212340, 0, 0, 0
212346, 0, 1, 0
212353, 0, 0, 0
212359, 0, 1, 0
212366, 0, 0, 0
212371, 0, 1, 0
212378, 0, 0, 0
212384, 0, 1, 0
212391, 0, 0, 0
212397, 0, 1, 0
212404, 0, 0, 0
212410, 0, 1, 0
212417, 0, 0, 0
212423, 0, 1, 0
212430, 0, 0, 0
212435, 0, 1, 0
212442, 0, 0, 0
212448, 0, 1, 0
212455, 0, 0, 0
212461, 0, 1, 0
212468, 0, 0, 0
212474, 0, 1, 0
212481, 0, 0, 0
212487, 0, 1, 0
212494, 0, 0, 0
212499, 0, 1, 0
212506, 0, 0, 0
212512, 0, 1, 0
212519, 0, 0, 0
212525, 0, 1, 0
212532, 0, 0, 0
212538, 0, 1, 0
212545, 0, 0, 0
212551, 0, 1, 0
212558, 0, 0, 0
212563, 0, 1, 0
212570, 0, 0, 0
212576, 0, 1, 0
212583, 0, 0, 0
212589, 0, 1, 0
212596, 0, 0, 0
212602, 0, 1, 0
212609, 0, 0, 0
212615, 0, 1, 0
212622, 0, 0, 0
212627, 0, 1, 0
212634, 0, 0, 0
212640, 0, 1, 0
212647, 0, 0, 0
212653, 0, 1, 0
212660, 0, 0, 0
212666, 0, 1, 0
212673, 0, 0, 0
212679, 0, 1, 0
212686, 0, 0, 0
212691, 0, 1, 0
212698, 0, 0, 0
212704, 0, 1, 0
212711, 0, 0, 0
212717, 0, 1, 0
212724, 0, 0, 0
212730, 0, 1, 0
212737, 0, 0, 0
212743, 0, 1, 0
212750, 0, 0, 0
212755, 0, 1, 0
212762, 0, 0, 0
212768, 0, 1, 0
212775, 0, 0, 0
212781, 0, 1, 0
212788, 0, 0, 0
212794, 0, 1, 0
212801, 0, 0, 0
212807, 0, 1, 0
212814, 0, 0, 0
212819, 0, 1, 0
212826, 0, 0, 0
212832, 0, 1, 0
212839, 0, 0, 0
212845, 0, 1, 0
212852, 0, 0, 0
212858, 0, 1, 0
212865, 0, 0, 0
212871, 0, 1, 0
212878, 0, 0, 0
212883, 0, 1, 0
212890, 0, 0, 0
212896, 0, 1, 0
212903, 0, 0, 0
212909, 0, 1, 0
212916, 0, 0, 0
212922, 0, 1, 0
212929, 0, 0, 0
212935, 0, 1, 0
212942, 0, 0, 0
212947, 0, 1, 0
212954, 0, 0, 0
212960, 0, 1, 0
212967, 0, 0, 0
212973, 0, 1, 0
212980, 0, 0, 0
212986, 0, 1, 0
212993, 0, 0, 0
212999, 0, 1, 0
213006, 0, 0, 0
213011, 0, 1, 0
213018, 0, 0, 0
213024, 0, 1, 0
213031, 0, 0, 0
213037, 0, 1, 0
213044, 0, 0, 0
213050, 0, 1, 0
213057, 0, 0, 0
213063, 0, 1, 0
213070, 0, 0, 0
213075, 0, 1, 0
213082, 0, 0, 0
213088, 0, 1, 0
213095, 0, 0, 0
213101, 0, 1, 0
213108, 0, 0, 0
213114, 0, 1, 0
213121, 0, 0, 0
213127, 0, 1, 0
213134, 0, 0, 0
213139, 0, 1, 0
213146, 0, 0, 0
213152, 0, 1, 0
213159, 0, 0, 0
213165, 0, 1, 0
213172, 0, 0, 0
213178, 0, 1, 0
213185, 0, 0, 0
213191, 0, 1, 0
213198, 0, 0, 0
213203, 0, 1, 0
213210, 0, 0, 0
213216, 0, 1, 0
213223, 0, 0, 0
213229, 0, 1, 0
213236, 0, 0, 0
213242, 0, 1, 0
213249, 0, 0, 0
213255, 0, 1, 0
213262, 0, 0, 0
213267, 0, 1, 1
213274, 0, 0, 1
213280, 1, 1, 0
213287, 1, 0, 0
213293, 1, 1, 0
213300, 1, 0, 0
213306, 1, 1, 0
213313, 1, 0, 0
213319, 1, 1, 0
213326, 1, 0, 0
213331, 1, 1, 0
213338, 1, 0, 0
213344, 1, 1, 0
213351, 1, 0, 0
213357, 0, 1, 0
213364, 0, 0, 0
213369, 1, 0, 0
213370, 1, 1, 0
213377, 1, 0, 0
213383, 1, 1, 0
213390, 1, 0, 0
213395, 1, 1, 0
213402, 1, 0, 0
213408, 0, 1, 0
213415, 0, 0, 0
213421, 0, 1, 0
213428, 0, 0, 0
213434, 0, 1, 0
213441, 0, 0, 0
213447, 0, 1, 0
213454, 0, 0, 0
213459, 0, 1, 0
213466, 0, 0, 0
213472, 1, 1, 0
213479, 1, 0, 0
213485, 0, 1, 0
213492, 0, 0, 0
213498, 0, 1, 0
213505, 0, 0, 0
213511, 0, 1, 0
213518, 0, 0, 0
213523, 0, 1, 0
213530, 0, 0, 0
213536, 0, 1, 0
213543, 0, 0, 0
213549, 0, 1, 0
213556, 0, 0, 0
213562, 0, 1, 0
213569, 0, 0, 0
213575, 0, 1, 0
213582, 0, 0, 0
213587, 0, 1, 0
213594, 0, 0, 0
213600, 0, 1, 0
213607, 0, 0, 0
213613, 0, 1, 0
213620, 0, 0, 0
213626, 0, 1, 0
213633, 0, 0, 0
213639, 0, 1, 0
213646, 0, 0, 0
213651, 0, 1, 0
213658, 0, 0, 0
213664, 0, 1, 0
213671, 0, 0, 0
213677, 0, 1, 0
213684, 0, 0, 0
213690, 0, 1, 0
213697, 0, 0, 0
213703, 0, 1, 0
213710, 0, 0, 0
213715, 0, 1, 0
213722, 0, 0, 0
213728, 0, 1, 0
213735, 0, 0, 0
213741, 0, 1, 0
213748, 0, 0, 0
213754, 0, 1, 0
213761, 0, 0, 0
213767, 0, 1, 0
213774, 0, 0, 0
213779, 0, 1, 0
213786, 0, 0, 0
213792, 0, 1, 0
213799, 0, 0, 0
213805, 0, 1, 0
213812, 0, 0, 0
213818, 0, 1, 0
213825, 0, 0, 0
213831, 0, 1, 0
213838, 0, 0, 0
213843, 0, 1, 0
213850, 0, 0, 0
213856, 0, 1, 0
213863, 0, 0, 0
213869, 0, 1, 0
213876, 0, 0, 0
213882, 0, 1, 0
213889, 0, 0, 0
213895, 0, 1, 0
213902, 0, 0, 0
213907, 0, 1, 0
213914, 0, 0, 0
213920, 0, 1, 0
213927, 0, 0, 0
213933, 0, 1, 0
213940, 0, 0, 0
213946, 0, 1, 0
213953, 0, 0, 0
213959, 0, 1, 0
213966, 0, 0, 0
213971, 0, 1, 0
213978, 0, 0, 0
213984, 0, 1, 0
213991, 0, 0, 0
213997, 0, 1, 0
214004, 0, 0, 0
214010, 0, 1, 0
214017, 0, 0, 0
214023, 0, 1, 0
214030, 0, 0, 0
214035, 0, 1, 0
214042, 0, 0, 0
214048, 0, 1, 0
214055, 0, 0, 0
214061, 0, 1, 0
214068, 0, 0, 0
214074, 0, 1, 0
214081, 0, 0, 0
214087, 0, 1, 0
214094, 0, 0, 0
214099, 0, 1, 0
214106, 0, 0, 0
214112, 0, 1, 0
214119, 0, 0, 0
214125, 0, 1, 0
214132, 0, 0, 0
214138, 0, 1, 0
214145, 0, 0, 0
214151, 0, 1, 0
214158, 0, 0, 0
214163, 0, 1, 0
214170, 0, 0, 0
214176, 0, 1, 0
214183, 0, 0, 0
214189, 0, 1, 0
214196, 0, 0, 0
214202, 0, 1, 0
214209, 0, 0, 0
214215, 0, 1, 0
214222, 0, 0, 0
214227, 0, 1, 0
214234, 0, 0, 0
214240, 0, 1, 0
214247, 0, 0, 0
214253, 0, 1, 0
214260, 0, 0, 0
214266, 0, 1, 0
214273, 0, 0, 0
214279, 0, 1, 0
214286, 0, 0, 0
214291, 0, 1, 0
214298, 0, 0, 0
214304, 0, 1, 0
214311, 0, 0, 0
214317, 0, 1, 0
214324, 0, 0, 0
214330, 0, 1, 0
214337, 0, 0, 0
214343, 0, 1, 0
214350, 0, 0, 0
214355, 0, 1, 0
214362, 0, 0, 0
214368, 0, 1, 0
214375, 0, 0, 0
214381, 0, 1, 0
214388, 0, 0, 0
214394, 0, 1, 0
214401, 0, 0, 0
214407, 0, 1, 0
214414, 0, 0, 0
214419, 0, 1, 0
214426, 0, 0, 0
214432, 0, 1, 0
214439, 0, 0, 0
214445, 0, 1, 0
214452, 0, 0, 0
214458, 0, 1, 0
214465, 0, 0, 0
214471, 0, 1, 0
214478, 0, 0, 0
214483, 0, 1, 0
214490, 0, 0, 0
214496, 0, 1, 0
214503, 0, 0, 0
214509, 0, 1, 0
214516, 0, 0, 0
214522, 0, 1, 0
214529, 0, 0, 0
214535, 0, 1, 0
214542, 0, 0, 0
214547, 0, 1, 0
214554, 0, 0, 0
214560, 0, 1, 0
214567, 0, 0, 0
214573, 0, 1, 0
214580, 0, 0, 0
214586, 0, 1, 0
214593, 0, 0, 0
214599, 0, 1, 0
214606, 0, 0, 0
214611, 0, 1, 0
214618, 0, 0, 0
214624, 0, 1, 0
214631, 0, 0, 0
214637, 0, 1, 0
214644, 0, 0, 0
214650, 0, 1, 0
214657, 0, 0, 0
214663, 0, 1, 0
214670, 0, 0, 0
214675, 0, 1, 0
214682, 0, 0, 0
214688, 0, 1, 0
214695, 0, 0, 0
214701, 0, 1, 0
214708, 0, 0, 0
214714, 0, 1, 0
214721, 0, 0, 0
214727, 0, 1, 0
214734, 0, 0, 0
214739, 0, 1, 0
214746, 0, 0, 0
214752, 0, 1, 0
214759, 0, 0, 0
214765, 0, 1, 0
214772, 0, 0, 0
214778, 0, 1, 0
214785, 0, 0, 0
214791, 0, 1, 0
214798, 0, 0, 0
214803, 0, 1, 0
214811, 0, 0, 0
214816, 0, 1, 0
214823, 0, 0, 0
214829, 0, 1, 0
214836, 0, 0, 0
214842, 0, 1, 0
214849, 0, 0, 0
214855, 0, 1, 0
214862, 0, 0, 0
214867, 0, 1, 0
214875, 0, 0, 0
214880, 0, 1, 0
214887, 0, 0, 0
214893, 0, 1, 0
214900, 0, 0, 0
214906, 0, 1, 1
214913, 0, 0, 1
214918, 1, 0, 0
214919, 1, 1, 0
214926, 1, 0, 0
214931, 1, 1, 0
214939, 1, 0, 0
214944, 1, 1, 0
214951, 1, 0, 0
214957, 1, 1, 0
214964, 1, 0, 0
214970, 1, 1, 0
214977, 1, 0, 0
214983, 1, 1, 0
214990, 1, 0, 0
214995, 0, 1, 0
215003, 0, 0, 0
215008, 1, 1, 0
215015, 1, 0, 0
215021, 1, 1, 0
215028, 1, 0, 0
215034, 1, 1, 0
215041, 1, 0, 0
215046, 0, 0, 0
215047, 0, 1, 0
215054, 0, 0, 0
215059, 0, 1, 0
215067, 0, 0, 0
215072, 0, 1, 0
215079, 0, 0, 0
215085, 0, 1, 0
215092, 0, 0, 0
215098, 0, 1, 0
215105, 0, 0, 0
215110, 1, 0, 0
215111, 1, 1, 0
215118, 1, 0, 0
215123, 0, 1, 0
215131, 0, 0, 0
215136, 0, 1, 0
215143, 0, 0, 0
215149, 0, 1, 0
215156, 0, 0, 0
215162, 0, 1, 0
215169, 0, 0, 0
215175, 0, 1, 0
215182, 0, 0, 0
215187, 0, 1, 0
215195, 0, 0, 0
215200, 0, 1, 0
215207, 0, 0, 0
215213, 0, 1, 0
215220, 0, 0, 0
215226, 0, 1, 0
215233, 0, 0, 0
215239, 0, 1, 0
215246, 0, 0, 0
215251, 0, 1, 0
215259, 0, 0, 0
215264, 0, 1, 0
215271, 0, 0, 0
215277, 0, 1, 0
215284, 0, 0, 0
215290, 0, 1, 0
215297, 0, 0, 0
215303, 0, 1, 0
215310, 0, 0, 0
215315, 0, 1, 0
215323, 0, 0, 0
215328, 0, 1, 0
215335, 0, 0, 0
215341, 0, 1, 0
215348, 0, 0, 0
215354, 0, 1, 0
215361, 0, 0, 0
215367, 0, 1, 0
215374, 0, 0, 0
215379, 0, 1, 0
215387, 0, 0, 0
215392, 0, 1, 0
215399, 0, 0, 0
215405, 0, 1, 0
215412, 0, 0, 0
215418, 0, 1, 0
215425, 0, 0, 0
215431, 0, 1, 0
215438, 0, 0, 0
215443, 0, 1, 0
215451, 0, 0, 0
215456, 0, 1, 0
215463, 0, 0, 0
215469, 0, 1, 0
215476, 0, 0, 0
215482, 0, 1, 0
215489, 0, 0, 0
215495, 0, 1, 0
215502, 0, 0, 0
215507, 0, 1, 0
215515, 0, 0, 0
215520, 0, 1, 0
215527, 0, 0, 0
215533, 0, 1, 0
215540, 0, 0, 0
215546, 0, 1, 0
215553, 0, 0, 0
215559, 0, 1, 0
215566, 0, 0, 0
215571, 0, 1, 0
215579, 0, 0, 0
215584, 0, 1, 0
215591, 0, 0, 0
215597, 0, 1, 0
215604, 0, 0, 0
215610, 0, 1, 0
215617, 0, 0, 0
215623, 0, 1, 0
215630, 0, 0, 0
215636, 0, 1, 0
215643, 0, 0, 0
215648, 0, 1, 0
215655, 0, 0, 0
215661, 0, 1, 0
215668, 0, 0, 0
215674, 0, 1, 0
215681, 0, 0, 0
215687, 0, 1, 0
215694, 0, 0, 0
215700, 0, 1, 0
215707, 0, 0, 0
215712, 0, 1, 0
215719, 0, 0, 0
215725, 0, 1, 0
215732, 0, 0, 0
215738, 0, 1, 0
215745, 0, 0, 0
215751, 0, 1, 0
215758, 0, 0, 0
215764, 0, 1, 0
215771, 0, 0, 0
215776, 0, 1, 0
215783, 0, 0, 0
215789, 0, 1, 0
215796, 0, 0, 0
215802, 0, 1, 0
215809, 0, 0, 0
215815, 0, 1, 0
215822, 0, 0, 0
215828, 0, 1, 0
215835, 0, 0, 0
215840, 0, 1, 0
215847, 0, 0, 0
215853, 0, 1, 0
215860, 0, 0, 0
215866, 0, 1, 0
215873, 0, 0, 0
215879, 0, 1, 0
215886, 0, 0, 0
215892, 0, 1, 0
215899, 0, 0, 0
215904, 0, 1, 0
215911, 0, 0, 0
215917, 0, 1, 0
215924, 0, 0, 0
215930, 0, 1, 0
215937, 0, 0, 0
215943, 0, 1, 0
215950, 0, 0, 0
215956, 0, 1, 0
215963, 0, 0, 0
215968, 0, 1, 0
215975, 0, 0, 0
215981, 0, 1, 0
215988, 0, 0, 0
215994, 0, 1, 0
216001, 0, 0, 0
216007, 0, 1, 0
216014, 0, 0, 0
216020, 0, 1, 0
216027, 0, 0, 0
216032, 0, 1, 0
216039, 0, 0, 0
216045, 0, 1, 0
216052, 0, 0, 0
216058, 0, 1, 0
216065, 0, 0, 0
216071, 0, 1, 0
216078, 0, 0, 0
216084, 0, 1, 0
216091, 0, 0, 0
216096, 0, 1, 0
216103, 0, 0, 0
216109, 0, 1, 0
216116, 0, 0, 0
216122, 0, 1, 0
216129, 0, 0, 0
216135, 0, 1, 0
216142, 0, 0, 0
216148, 0, 1, 0
216155, 0, 0, 0
216160, 0, 1, 0
216167, 0, 0, 0
216173, 0, 1, 0
216180, 0, 0, 0
216186, 0, 1, 0
216193, 0, 0, 0
216199, 0, 1, 0
216206, 0, 0, 0
216212, 0, 1, 0
216219, 0, 0, 0
216224, 0, 1, 0
216231, 0, 0, 0
216237, 0, 1, 0
216244, 0, 0, 0
216250, 0, 1, 0
216257, 0, 0, 0
216263, 0, 1, 0
216270, 0, 0, 0
216276, 0, 1, 0
216283, 0, 0, 0
216288, 0, 1, 0
216295, 0, 0, 0
216301, 0, 1, 0
216308, 0, 0, 0
216314, 0, 1, 0
216321, 0, 0, 0
216327, 0, 1, 0
216334, 0, 0, 0
216340, 0, 1, 0
216347, 0, 0, 0
216352, 0, 1, 0
216359, 0, 0, 0
216365, 0, 1, 0
216372, 0, 0, 0
216378, 0, 1, 0
216385, 0, 0, 0
216391, 0, 1, 0
216398, 0, 0, 0
216404, 0, 1, 0
216411, 0, 0, 0
216416, 0, 1, 0
216423, 0, 0, 0
216429, 0, 1, 0
216436, 0, 0, 0
216442, 0, 1, 0
216449, 0, 0, 0
216455, 0, 1, 0
216462, 0, 0, 0
216468, 0, 1, 0
216475, 0, 0, 0
216480, 0, 1, 0
216487, 0, 0, 0
216493, 0, 1, 0
216500, 0, 0, 0
216506, 0, 1, 0
216513, 0, 0, 0
216519, 0, 1, 0
216526, 0, 0, 0
216532, 0, 1, 0
216539, 0, 0, 0
216544, 0, 1, 1
216551, 0, 0, 1
216557, 1, 1, 0
216564, 1, 0, 0
216570, 1, 1, 0
216577, 1, 0, 0
216583, 1, 1, 0
216590, 1, 0, 0
216596, 1, 1, 0
216603, 1, 0, 0
216608, 1, 1, 0
216615, 1, 0, 0
216621, 1, 1, 0
216628, 1, 0, 0
216634, 0, 1, 0
216641, 0, 0, 0
216646, 1, 0, 0
216647, 1, 1, 0
216654, 1, 0, 0
216660, 1, 1, 0
216667, 1, 0, 0
216672, 1, 1, 0
216679, 1, 0, 0
216685, 0, 1, 0
216692, 0, 0, 0
216698, 0, 1, 0
216705, 0, 0, 0
216711, 0, 1, 0
216718, 0, 0, 0
216724, 0, 1, 0
216731, 0, 0, 0
216736, 0, 1, 0
216743, 0, 0, 0
216749, 1, 1, 0
216756, 1, 0, 0
216762, 0, 1, 0
216769, 0, 0, 0
216775, 0, 1, 0
216782, 0, 0, 0
216788, 0, 1, 0
216795, 0, 0, 0
216800, 0, 1, 0
216807, 0, 0, 0
216813, 0, 1, 0
216820, 0, 0, 0
216826, 0, 1, 0
216833, 0, 0, 0
216839, 0, 1, 0
216846, 0, 0, 0
216852, 0, 1, 0
216859, 0, 0, 0
216864, 0, 1, 0
216871, 0, 0, 0
216877, 0, 1, 0
216884, 0, 0, 0
216890, 0, 1, 0
216897, 0, 0, 0
216903, 0, 1, 0
216910, 0, 0, 0
216916, 0, 1, 0
216923, 0, 0, 0
216928, 0, 1, 0
216935, 0, 0, 0
216941, 0, 1, 0
216948, 0, 0, 0
216954, 0, 1, 0
216961, 0, 0, 0
216967, 0, 1, 0
216974, 0, 0, 0
216980, 0, 1, 0
216987, 0, 0, 0
216992, 0, 1, 0
216999, 0, 0, 0
217005, 0, 1, 0
217012, 0, 0, 0
217018, 0, 1, 0
217025, 0, 0, 0
217031, 0, 1, 0
217038, 0, 0, 0
217044, 0, 1, 0
217051, 0, 0, 0
217056, 0, 1, 0
217063, 0, 0, 0
217069, 0, 1, 0
217076, 0, 0, 0
217082, 0, 1, 0
217089, 0, 0, 0
217095, 0, 1, 0
217102, 0, 0, 0
217108, 0, 1, 0
217115, 0, 0, 0
217120, 0, 1, 0
217127, 0, 0, 0
217133, 0, 1, 0
217140, 0, 0, 0
217146, 0, 1, 0
217153, 0, 0, 0
217159, 0, 1, 0
217166, 0, 0, 0
217172, 0, 1, 0
217179, 0, 0, 0
217184, 0, 1, 0
217191, 0, 0, 0
217197, 0, 1, 0
217204, 0, 0, 0
217210, 0, 1, 0
217217, 0, 0, 0
217223, 0, 1, 0
217230, 0, 0, 0
217236, 0, 1, 0
217243, 0, 0, 0
217248, 0, 1, 0
217255, 0, 0, 0
217261, 0, 1, 0
217268, 0, 0, 0
217274, 0, 1, 0
217281, 0, 0, 0
217287, 0, 1, 0
217294, 0, 0, 0
217300, 0, 1, 0
217307, 0, 0, 0
217312, 0, 1, 0
217319, 0, 0, 0
217325, 0, 1, 0
217332, 0, 0, 0
217338, 0, 1, 0
217345, 0, 0, 0
217351, 0, 1, 0
217358, 0, 0, 0
217364, 0, 1, 0
217371, 0, 0, 0
217376, 0, 1, 0
217383, 0, 0, 0
217389, 0, 1, 0
217396, 0, 0, 0
217402, 0, 1, 0
217409, 0, 0, 0
217415, 0, 1, 0
217422, 0, 0, 0
217428, 0, 1, 0
217435, 0, 0, 0
217440, 0, 1, 0
217447, 0, 0, 0
217453, 0, 1, 0
217460, 0, 0, 0
217466, 0, 1, 0
217473, 0, 0, 0
217479, 0, 1, 0
217486, 0, 0, 0
217492, 0, 1, 0
217499, 0, 0, 0
217504, 0, 1, 0
217511, 0, 0, 0
217517, 0, 1, 0
217524, 0, 0, 0
217530, 0, 1, 0
217537, 0, 0, 0
217543, 0, 1, 0
217550, 0, 0, 0
217556, 0, 1, 0
217563, 0, 0, 0
217568, 0, 1, 0
217575, 0, 0, 0
217581, 0, 1, 0
217588, 0, 0, 0
217594, 0, 1, 0
217601, 0, 0, 0
217607, 0, 1, 0
217614, 0, 0, 0
217620, 0, 1, 0
217627, 0, 0, 0
217632, 0, 1, 0
217639, 0, 0, 0
217645, 0, 1, 0
217652, 0, 0, 0
217658, 0, 1, 0
217665, 0, 0, 0
217671, 0, 1, 0
217678, 0, 0, 0
217684, 0, 1, 0
217691, 0, 0, 0
217696, 0, 1, 0
217703, 0, 0, 0
217709, 0, 1, 0
217716, 0, 0, 0
217722, 0, 1, 0
217729, 0, 0, 0
217735, 0, 1, 0
217742, 0, 0, 0
217748, 0, 1, 0
217755, 0, 0, 0
217760, 0, 1, 0
217767, 0, 0, 0
217773, 0, 1, 0
217780, 0, 0, 0
217786, 0, 1, 0
217793, 0, 0, 0
217799, 0, 1, 0
217806, 0, 0, 0
217812, 0, 1, 0
217819, 0, 0, 0
217824, 0, 1, 0
217831, 0, 0, 0
217837, 0, 1, 0
217844, 0, 0, 0
217850, 0, 1, 0
217857, 0, 0, 0
217863, 0, 1, 0
217870, 0, 0, 0
217876, 0, 1, 0
217883, 0, 0, 0
217888, 0, 1, 0
217895, 0, 0, 0
217901, 0, 1, 0
217908, 0, 0, 0
217914, 0, 1, 0
217921, 0, 0, 0
217927, 0, 1, 0
217934, 0, 0, 0
217940, 0, 1, 0
217947, 0, 0, 0
217952, 0, 1, 0
217959, 0, 0, 0
217965, 0, 1, 0
217972, 0, 0, 0
217978, 0, 1, 0
217985, 0, 0, 0
217991, 0, 1, 0
217998, 0, 0, 0
218004, 0, 1, 0
218011, 0, 0, 0
218016, 0, 1, 0
218023, 0, 0, 0
218029, 0, 1, 0
218036, 0, 0, 0
218042, 0, 1, 0
218049, 0, 0, 0
218055, 0, 1, 0
218062, 0, 0, 0
218068, 0, 1, 0
218075, 0, 0, 0
218080, 0, 1, 0
218087, 0, 0, 0
218093, 0, 1, 0
218100, 0, 0, 0
218106, 0, 1, 0
218113, 0, 0, 0
218119, 0, 1, 0
218126, 0, 0, 0
218132, 0, 1, 0
218139, 0, 0, 0
218144, 0, 1, 0
218151, 0, 0, 0
218157, 0, 1, 0
218164, 0, 0, 0
218170, 0, 1, 0
218177, 0, 0, 0
218183, 0, 1, 1
218190, 0, 0, 1
218195, 1, 0, 0
218196, 1, 1, 0
218203, 1, 0, 0
218208, 1, 1, 0
218215, 1, 0, 0
218221, 1, 1, 0
218228, 1, 0, 0
218234, 1, 1, 0
218241, 1, 0, 0
218247, 1, 1, 0
218254, 1, 0, 0
218260, 1, 1, 0
218267, 1, 0, 0
218272, 0, 1, 0
218279, 0, 0, 0
218285, 1, 1, 0
218292, 1, 0, 0
218298, 1, 1, 0
218305, 1, 0, 0
218311, 1, 1, 0
218318, 1, 0, 0
218323, 0, 0, 0
218324, 0, 1, 0
218331, 0, 0, 0
218336, 0, 1, 0
218343, 0, 0, 0
218349, 0, 1, 0
218356, 0, 0, 0
218362, 0, 1, 0
218369, 0, 0, 0
218375, 0, 1, 0
218382, 0, 0, 0
218387, 1, 0, 0
218388, 1, 1, 0
218395, 1, 0, 0
218400, 0, 1, 0
218407, 0, 0, 0
218413, 0, 1, 0
218420, 0, 0, 0
218426, 0, 1, 0
218433, 0, 0, 0
218439, 0, 1, 0
218446, 0, 0, 0
218452, 0, 1, 0
218459, 0, 0, 0
218464, 0, 1, 0
218471, 0, 0, 0
218477, 0, 1, 0
218484, 0, 0, 0
218490, 0, 1, 0
218497, 0, 0, 0
218503, 0, 1, 0
218510, 0, 0, 0
218516, 0, 1, 0
218523, 0, 0, 0
218528, 0, 1, 0
218535, 0, 0, 0
218541, 0, 1, 0
218548, 0, 0, 0
218554, 0, 1, 0
218561, 0, 0, 0
218567, 0, 1, 0
218574, 0, 0, 0
218580, 0, 1, 0
218587, 0, 0, 0
218592, 0, 1, 0
218599, 0, 0, 0
218605, 0, 1, 0
218612, 0, 0, 0
218618, 0, 1, 0
218625, 0, 0, 0
218631, 0, 1, 0
218638, 0, 0, 0
218644, 0, 1, 0
218651, 0, 0, 0
218656, 0, 1, 0
218663, 0, 0, 0
218669, 0, 1, 0
218676, 0, 0, 0
218682, 0, 1, 0
218689, 0, 0, 0
218695, 0, 1, 0
218702, 0, 0, 0
218708, 0, 1, 0
218715, 0, 0, 0
218720, 0, 1, 0
218727, 0, 0, 0
218733, 0, 1, 0
218740, 0, 0, 0
218746, 0, 1, 0
218753, 0, 0, 0
218759, 0, 1, 0
218766, 0, 0, 0
218772, 0, 1, 0
218779, 0, 0, 0
218784, 0, 1, 0
218791, 0, 0, 0
218797, 0, 1, 0
218804, 0, 0, 0
218810, 0, 1, 0
218817, 0, 0, 0
218823, 0, 1, 0
218830, 0, 0, 0
218836, 0, 1, 0
218843, 0, 0, 0
218848, 0, 1, 0
218855, 0, 0, 0
218861, 0, 1, 0
218868, 0, 0, 0
218874, 0, 1, 0
218881, 0, 0, 0
218887, 0, 1, 0
218894, 0, 0, 0
218900, 0, 1, 0
218907, 0, 0, 0
218912, 0, 1, 0
218919, 0, 0, 0
218925, 0, 1, 0
218932, 0, 0, 0
218938, 0, 1, 0
218945, 0, 0, 0
218951, 0, 1, 0
218958, 0, 0, 0
218964, 0, 1, 0
218971, 0, 0, 0
218976, 0, 1, 0
218983, 0, 0, 0
218989, 0, 1, 0
218996, 0, 0, 0
219002, 0, 1, 0
219009, 0, 0, 0
219015, 0, 1, 0
219022, 0, 0, 0
219028, 0, 1, 0
219035, 0, 0, 0
219040, 0, 1, 0
219047, 0, 0, 0
219053, 0, 1, 0
219060, 0, 0, 0
219066, 0, 1, 0
219073, 0, 0, 0
219079, 0, 1, 0
219086, 0, 0, 0
219092, 0, 1, 0
219099, 0, 0, 0
219104, 0, 1, 0
219111, 0, 0, 0
219117, 0, 1, 0
219124, 0, 0, 0
219130, 0, 1, 0
219137, 0, 0, 0
219143, 0, 1, 0
219150, 0, 0, 0
219156, 0, 1, 0
219163, 0, 0, 0
219168, 0, 1, 0
219175, 0, 0, 0
219181, 0, 1, 0
219188, 0, 0, 0
219194, 0, 1, 0
219201, 0, 0, 0
219207, 0, 1, 0
219214, 0, 0, 0
219220, 0, 1, 0
219227, 0, 0, 0
219232, 0, 1, 0
219239, 0, 0, 0
219245, 0, 1, 0
219252, 0, 0, 0
219258, 0, 1, 0
219265, 0, 0, 0
219271, 0, 1, 0
219278, 0, 0, 0
219284, 0, 1, 0
219291, 0, 0, 0
219296, 0, 1, 0
219303, 0, 0, 0
219309, 0, 1, 0
219316, 0, 0, 0
219322, 0, 1, 0
219329, 0, 0, 0
219335, 0, 1, 0
219342, 0, 0, 0
219348, 0, 1, 0
219355, 0, 0, 0
219360, 0, 1, 0
219367, 0, 0, 0
219373, 0, 1, 0
219380, 0, 0, 0
219386, 0, 1, 0
219393, 0, 0, 0
219399, 0, 1, 0
219406, 0, 0, 0
219412, 0, 1, 0
219419, 0, 0, 0
219424, 0, 1, 0
219431, 0, 0, 0
219437, 0, 1, 0
219444, 0, 0, 0
219450, 0, 1, 0
219457, 0, 0, 0
219463, 0, 1, 0
219470, 0, 0, 0
219476, 0, 1, 0
219483, 0, 0, 0
219488, 0, 1, 0
219495, 0, 0, 0
219501, 0, 1, 0
219508, 0, 0, 0
219514, 0, 1, 0
219521, 0, 0, 0
219527, 0, 1, 0
219534, 0, 0, 0
219540, 0, 1, 0
219547, 0, 0, 0
219552, 0, 1, 0
219559, 0, 0, 0
219565, 0, 1, 0
219572, 0, 0, 0
219578, 0, 1, 0
219585, 0, 0, 0
219591, 0, 1, 0
219598, 0, 0, 0
219604, 0, 1, 0
219611, 0, 0, 0
219616, 0, 1, 0
219623, 0, 0, 0
219629, 0, 1, 0
219636, 0, 0, 0
219642, 0, 1, 0
219649, 0, 0, 0
219655, 0, 1, 0
219662, 0, 0, 0
219668, 0, 1, 0
219675, 0, 0, 0
219680, 0, 1, 0
219687, 0, 0, 0
219693, 0, 1, 0
219700, 0, 0, 0
219706, 0, 1, 0
219713, 0, 0, 0
219719, 0, 1, 0
219726, 0, 0, 0
219732, 0, 1, 0
219739, 0, 0, 0
219744, 0, 1, 0
219752, 0, 0, 0
219757, 0, 1, 0
219764, 0, 0, 0
219770, 0, 1, 0
219777, 0, 0, 0
219783, 0, 1, 0
219790, 0, 0, 0
219796, 0, 1, 0
219803, 0, 0, 0
219808, 0, 1, 0
219816, 0, 0, 0
219821, 0, 1, 1
219828, 0, 0, 1
219834, 1, 1, 0
219841, 1, 0, 0
219847, 1, 1, 0
219854, 1, 0, 0
219860, 1, 1, 0
219867, 1, 0, 0
219872, 1, 1, 0
219880, 1, 0, 0
219885, 1, 1, 0
219892, 1, 0, 0
219898, 1, 1, 0
219905, 1, 0, 0
219910, 0, 0, 0
219911, 0, 1, 0
219918, 0, 0, 0
219923, 1, 0, 0
219924, 1, 1, 0
219931, 1, 0, 0
219936, 1, 1, 0
219944, 1, 0, 0
219949, 1, 1, 0
219956, 1, 0, 0
219962, 0, 1, 0
219969, 0, 0, 0
219975, 0, 1, 0
219982, 0, 0, 0
219988, 0, 1, 0
219995, 0, 0, 0
220000, 0, 1, 0
220008, 0, 0, 0
220013, 0, 1, 0
220020, 0, 0, 0
220026, 1, 1, 0
220033, 1, 0, 0
220038, 0, 0, 0
220039, 0, 1, 0
220046, 0, 0, 0
220052, 0, 1, 0
220059, 0, 0, 0
220064, 0, 1, 0
220072, 0, 0, 0
220077, 0, 1, 0
220084, 0, 0, 0
220090, 0, 1, 0
220097, 0, 0, 0
220103, 0, 1, 0
220110, 0, 0, 0
220116, 0, 1, 0
220123, 0, 0, 0
220128, 0, 1, 0
220136, 0, 0, 0
220141, 0, 1, 0
220148, 0, 0, 0
220154, 0, 1, 0
220161, 0, 0, 0
220167, 0, 1, 0
220174, 0, 0, 0
220180, 0, 1, 0
220187, 0, 0, 0
220192, 0, 1, 0
220200, 0, 0, 0
220205, 0, 1, 0
220212, 0, 0, 0
220218, 0, 1, 0
220225, 0, 0, 0
220231, 0, 1, 0
220238, 0, 0, 0
220244, 0, 1, 0
220251, 0, 0, 0
220256, 0, 1, 0
220264, 0, 0, 0
220269, 0, 1, 0
220276, 0, 0, 0
220282, 0, 1, 0
220289, 0, 0, 0
220295, 0, 1, 0
220302, 0, 0, 0
220308, 0, 1, 0
220315, 0, 0, 0
220320, 0, 1, 0
220328, 0, 0, 0
220333, 0, 1, 0
220340, 0, 0, 0
220346, 0, 1, 0
220353, 0, 0, 0
220359, 0, 1, 0
220366, 0, 0, 0
220372, 0, 1, 0
220379, 0, 0, 0
220384, 0, 1, 0
220392, 0, 0, 0
220397, 0, 1, 0
220404, 0, 0, 0
220410, 0, 1, 0
220417, 0, 0, 0
220423, 0, 1, 0
220430, 0, 0, 0
220436, 0, 1, 0
220443, 0, 0, 0
220448, 0, 1, 0
220456, 0, 0, 0
220461, 0, 1, 0
220468, 0, 0, 0
220474, 0, 1, 0
220481, 0, 0, 0
220487, 0, 1, 0
220494, 0, 0, 0
220500, 0, 1, 0
220507, 0, 0, 0
220512, 0, 1, 0
220520, 0, 0, 0
220525, 0, 1, 0
220532, 0, 0, 0
220538, 0, 1, 0
220545, 0, 0, 0
220551, 0, 1, 0
220558, 0, 0, 0
220564, 0, 1, 0
220571, 0, 0, 0
220577, 0, 1, 0
220584, 0, 0, 0
220589, 0, 1, 0
220596, 0, 0, 0
220602, 0, 1, 0
220609, 0, 0, 0
220615, 0, 1, 0
220622, 0, 0, 0
220628, 0, 1, 0
220635, 0, 0, 0
220641, 0, 1, 0
220648, 0, 0, 0
220653, 0, 1, 0
220660, 0, 0, 0
220666, 0, 1, 0
220673, 0, 0, 0
220679, 0, 1, 0
220686, 0, 0, 0
220692, 0, 1, 0
220699, 0, 0, 0
220705, 0, 1, 0
220712, 0, 0, 0
220717, 0, 1, 0
220724, 0, 0, 0
220730, 0, 1, 0
220737, 0, 0, 0
220743, 0, 1, 0
220750, 0, 0, 0
220756, 0, 1, 0
220763, 0, 0, 0
220769, 0, 1, 0
220776, 0, 0, 0
220781, 0, 1, 0
220788, 0, 0, 0
220794, 0, 1, 0
220801, 0, 0, 0
220807, 0, 1, 0
220814, 0, 0, 0
220820, 0, 1, 0
220827, 0, 0, 0
220833, 0, 1, 0
220840, 0, 0, 0
220845, 0, 1, 0
220852, 0, 0, 0
220858, 0, 1, 0
220865, 0, 0, 0
220871, 0, 1, 0
220878, 0, 0, 0
220884, 0, 1, 0
220891, 0, 0, 0
220897, 0, 1, 0
220904, 0, 0, 0
220909, 0, 1, 0
220916, 0, 0, 0
220922, 0, 1, 0
220929, 0, 0, 0
220935, 0, 1, 0
220942, 0, 0, 0
220948, 0, 1, 0
220955, 0, 0, 0
220961, 0, 1, 0
220968, 0, 0, 0
220973, 0, 1, 0
220980, 0, 0, 0
220986, 0, 1, 0
220993, 0, 0, 0
220999, 0, 1, 0
221006, 0, 0, 0
221012, 0, 1, 0
221019, 0, 0, 0
221025, 0, 1, 0
221032, 0, 0, 0
221037, 0, 1, 0
221044, 0, 0, 0
221050, 0, 1, 0
221057, 0, 0, 0
221063, 0, 1, 0
221070, 0, 0, 0
221076, 0, 1, 0
221083, 0, 0, 0
221089, 0, 1, 0
221096, 0, 0, 0
221101, 0, 1, 0
221108, 0, 0, 0
221114, 0, 1, 0
221121, 0, 0, 0
221127, 0, 1, 0
221134, 0, 0, 0
221140, 0, 1, 0
221147, 0, 0, 0
221153, 0, 1, 0
221160, 0, 0, 0
221165, 0, 1, 0
221172, 0, 0, 0
221178, 0, 1, 0
221185, 0, 0, 0
221191, 0, 1, 0
221198, 0, 0, 0
221204, 0, 1, 0
221211, 0, 0, 0
221217, 0, 1, 0
221224, 0, 0, 0
221229, 0, 1, 0
221236, 0, 0, 0
221242, 0, 1, 0
221249, 0, 0, 0
221255, 0, 1, 0
221262, 0, 0, 0
221268, 0, 1, 0
221275, 0, 0, 0
221281, 0, 1, 0
221288, 0, 0, 0
221293, 0, 1, 0
221300, 0, 0, 0
221306, 0, 1, 0
221313, 0, 0, 0
221319, 0, 1, 0
221326, 0, 0, 0
221332, 0, 1, 0
221339, 0, 0, 0
221345, 0, 1, 0
221352, 0, 0, 0
221357, 0, 1, 0
221364, 0, 0, 0
221370, 0, 1, 0
221377, 0, 0, 0
221383, 0, 1, 0
221390, 0, 0, 0
221396, 0, 1, 0
221403, 0, 0, 0
221409, 0, 1, 0
221416, 0, 0, 0
221421, 0, 1, 0
221428, 0, 0, 0
221434, 0, 1, 0
221441, 0, 0, 0
221447, 0, 1, 0
221454, 0, 0, 0
221459, 0, 0, 1
221460, 0, 1, 1
221467, 0, 0, 1
221472, 1, 0, 0
221473, 1, 1, 0
221480, 1, 0, 0
221485, 1, 1, 0
221492, 1, 0, 0
221498, 1, 1, 0
221505, 1, 0, 0
221511, 1, 1, 0
221518, 1, 0, 0
221524, 1, 1, 0
221531, 1, 0, 0
221537, 1, 1, 0
221544, 1, 0, 0
221549, 0, 1, 0
221556, 0, 0, 0
221562, 1, 1, 0
221569, 1, 0, 0
221575, 1, 1, 0
221582, 1, 0, 0
221588, 1, 1, 0
221595, 1, 0, 0
221600, 0, 0, 0
221601, 0, 1, 0
221608, 0, 0, 0
221613, 0, 1, 0
221620, 0, 0, 0
221626, 0, 1, 0
221633, 0, 0, 0
221639, 0, 1, 0
221646, 0, 0, 0
221652, 0, 1, 0
221659, 0, 0, 0
221664, 1, 0, 0
221665, 1, 1, 0
221672, 1, 0, 0
221677, 0, 1, 0
221684, 0, 0, 0
221690, 0, 1, 0
221697, 0, 0, 0
221703, 0, 1, 0
221710, 0, 0, 0
221716, 0, 1, 0
221723, 0, 0, 0
221729, 0, 1, 0
221736, 0, 0, 0
221741, 0, 1, 0
221748, 0, 0, 0
221754, 0, 1, 0
221761, 0, 0, 0
221767, 0, 1, 0
221774, 0, 0, 0
221780, 0, 1, 0
221787, 0, 0, 0
221793, 0, 1, 0
221800, 0, 0, 0
221805, 0, 1, 0
221812, 0, 0, 0
221818, 0, 1, 0
221825, 0, 0, 0
221831, 0, 1, 0
221838, 0, 0, 0
221844, 0, 1, 0
221851, 0, 0, 0
221857, 0, 1, 0
221864, 0, 0, 0
221869, 0, 1, 0
221876, 0, 0, 0
221882, 0, 1, 0
221889, 0, 0, 0
221895, 0, 1, 0
221902, 0, 0, 0
221908, 0, 1, 0
221915, 0, 0, 0
221921, 0, 1, 0
221928, 0, 0, 0
221933, 0, 1, 0
221940, 0, 0, 0
221946, 0, 1, 0
221953, 0, 0, 0
221959, 0, 1, 0
221966, 0, 0, 0
221972, 0, 1, 0
221979, 0, 0, 0
221985, 0, 1, 0
221992, 0, 0, 0
221997, 0, 1, 0
222004, 0, 0, 0
222010, 0, 1, 0
222017, 0, 0, 0
222023, 0, 1, 0
222030, 0, 0, 0
222036, 0, 1, 0
222043, 0, 0, 0
222049, 0, 1, 0
222056, 0, 0, 0
222061, 0, 1, 0
222068, 0, 0, 0
222074, 0, 1, 0
222081, 0, 0, 0
222087, 0, 1, 0
222094, 0, 0, 0
222100, 0, 1, 0
222107, 0, 0, 0
222113, 0, 1, 0
222120, 0, 0, 0
222125, 0, 1, 0
222132, 0, 0, 0
222138, 0, 1, 0
222145, 0, 0, 0
222151, 0, 1, 0
222158, 0, 0, 0
222164, 0, 1, 0
222171, 0, 0, 0
222177, 0, 1, 0
222184, 0, 0, 0
222189, 0, 1, 0
222196, 0, 0, 0
222202, 0, 1, 0
222209, 0, 0, 0
222215, 0, 1, 0
222222, 0, 0, 0
222228, 0, 1, 0
222235, 0, 0, 0
222241, 0, 1, 0
222248, 0, 0, 0
222253, 0, 1, 0
222260, 0, 0, 0
222266, 0, 1, 0
222273, 0, 0, 0
222279, 0, 1, 0
222286, 0, 0, 0
222292, 0, 1, 0
222299, 0, 0, 0
222305, 0, 1, 0
222312, 0, 0, 0
222317, 0, 1, 0
222324, 0, 0, 0
222330, 0, 1, 0
222337, 0, 0, 0
222343, 0, 1, 0
222350, 0, 0, 0
222356, 0, 1, 0
222363, 0, 0, 0
222369, 0, 1, 0
222376, 0, 0, 0
222381, 0, 1, 0
222388, 0, 0, 0
222394, 0, 1, 0
222401, 0, 0, 0
222407, 0, 1, 0
222414, 0, 0, 0
222420, 0, 1, 0
222427, 0, 0, 0
222433, 0, 1, 0
222440, 0, 0, 0
222445, 0, 1, 0
222452, 0, 0, 0
222458, 0, 1, 0
222465, 0, 0, 0
222471, 0, 1, 0
222478, 0, 0, 0
222484, 0, 1, 0
222491, 0, 0, 0
222497, 0, 1, 0
222504, 0, 0, 0
222509, 0, 1, 0
222516, 0, 0, 0
222522, 0, 1, 0
222529, 0, 0, 0
222535, 0, 1, 0
222542, 0, 0, 0
222548, 0, 1, 0
222555, 0, 0, 0
222561, 0, 1, 0
222568, 0, 0, 0
222573, 0, 1, 0
222580, 0, 0, 0
222586, 0, 1, 0
222593, 0, 0, 0
222599, 0, 1, 0
222606, 0, 0, 0
222612, 0, 1, 0
222619, 0, 0, 0
222625, 0, 1, 0
222632, 0, 0, 0
222637, 0, 1, 0
222644, 0, 0, 0
222650, 0, 1, 0
222657, 0, 0, 0
222663, 0, 1, 0
222670, 0, 0, 0
222676, 0, 1, 0
222683, 0, 0, 0
222689, 0, 1, 0
222696, 0, 0, 0
222701, 0, 1, 0
222708, 0, 0, 0
222714, 0, 1, 0
222721, 0, 0, 0
222727, 0, 1, 0
222734, 0, 0, 0
222740, 0, 1, 0
222747, 0, 0, 0
222753, 0, 1, 0
222760, 0, 0, 0
222765, 0, 1, 0
222772, 0, 0, 0
222778, 0, 1, 0
222785, 0, 0, 0
222791, 0, 1, 0
222798, 0, 0, 0
222804, 0, 1, 0
222811, 0, 0, 0
222817, 0, 1, 0
222824, 0, 0, 0
222829, 0, 1, 0
222836, 0, 0, 0
222842, 0, 1, 0
222849, 0, 0, 0
222855, 0, 1, 0
222862, 0, 0, 0
222868, 0, 1, 0
222875, 0, 0, 0
222881, 0, 1, 0
222888, 0, 0, 0
222893, 0, 1, 0
222900, 0, 0, 0
222906, 0, 1, 0
222913, 0, 0, 0
222919, 0, 1, 0
222926, 0, 0, 0
222932, 0, 1, 0
222939, 0, 0, 0
222945, 0, 1, 0
222952, 0, 0, 0
222957, 0, 1, 0
222964, 0, 0, 0
222970, 0, 1, 0
222977, 0, 0, 0
222983, 0, 1, 0
222990, 0, 0, 0
222996, 0, 1, 0
223003, 0, 0, 0
223009, 0, 1, 0
223016, 0, 0, 0
223021, 0, 1, 0
223028, 0, 0, 0
223034, 0, 1, 0
223041, 0, 0, 0
223047, 0, 1, 0
223054, 0, 0, 0
223060, 0, 1, 0
223067, 0, 0, 0
223073, 0, 1, 0
223080, 0, 0, 0
223085, 0, 1, 0
223092, 0, 0, 0
223098, 0, 1, 1
223105, 0, 0, 1
223111, 1, 1, 0
223118, 1, 0, 0
223124, 1, 1, 0
223131, 1, 0, 0
223137, 1, 1, 0
223144, 1, 0, 0
223149, 1, 1, 0
223156, 1, 0, 0
223162, 1, 1, 0
223169, 1, 0, 0
223175, 1, 1, 0
223182, 1, 0, 0
223187, 0, 0, 0
223188, 0, 1, 0
223195, 0, 0, 0
223200, 1, 0, 0
223201, 1, 1, 0
223208, 1, 0, 0
223213, 1, 1, 0
223220, 1, 0, 0
223226, 1, 1, 0
223233, 1, 0, 0
223239, 0, 1, 0
223246, 0, 0, 0
223252, 0, 1, 0
223259, 0, 0, 0
223265, 0, 1, 0
223272, 0, 0, 0
223277, 0, 1, 0
223284, 0, 0, 0
223290, 0, 1, 0
223297, 0, 0, 0
223303, 1, 1, 0
223310, 1, 0, 0
223315, 0, 0, 0
223316, 0, 1, 0
223323, 0, 0, 0
223329, 0, 1, 0
223336, 0, 0, 0
223341, 0, 1, 0
223348, 0, 0, 0
223354, 0, 1, 0
223361, 0, 0, 0
223367, 0, 1, 0
223374, 0, 0, 0
223380, 0, 1, 0
223387, 0, 0, 0
223393, 0, 1, 0
223400, 0, 0, 0
223405, 0, 1, 0
223412, 0, 0, 0
223418, 0, 1, 0
223425, 0, 0, 0
223431, 0, 1, 0
223438, 0, 0, 0
223444, 0, 1, 0
223451, 0, 0, 0
223457, 0, 1, 0
223464, 0, 0, 0
223469, 0, 1, 0
223476, 0, 0, 0
223482, 0, 1, 0
223489, 0, 0, 0
223495, 0, 1, 0
223502, 0, 0, 0
223508, 0, 1, 0
223515, 0, 0, 0
223521, 0, 1, 0
223528, 0, 0, 0
223533, 0, 1, 0
223540, 0, 0, 0
223546, 0, 1, 0
223553, 0, 0, 0
223559, 0, 1, 0
223566, 0, 0, 0
223572, 0, 1, 0
223579, 0, 0, 0
223585, 0, 1, 0
223592, 0, 0, 0
223597, 0, 1, 0
223604, 0, 0, 0
223610, 0, 1, 0
223617, 0, 0, 0
223623, 0, 1, 0
223630, 0, 0, 0
223636, 0, 1, 0
223643, 0, 0, 0
223649, 0, 1, 0
223656, 0, 0, 0
223661, 0, 1, 0
223668, 0, 0, 0
223674, 0, 1, 0
223681, 0, 0, 0
223687, 0, 1, 0
223694, 0, 0, 0
223700, 0, 1, 0
223707, 0, 0, 0
223713, 0, 1, 0
223720, 0, 0, 0
223725, 0, 1, 0
223732, 0, 0, 0
223738, 0, 1, 0
223745, 0, 0, 0
223751, 0, 1, 0
223758, 0, 0, 0
223764, 0, 1, 0
223771, 0, 0, 0
223777, 0, 1, 0
223784, 0, 0, 0
223789, 0, 1, 0
223796, 0, 0, 0
223802, 0, 1, 0
223809, 0, 0, 0
223815, 0, 1, 0
223822, 0, 0, 0
223828, 0, 1, 0
223835, 0, 0, 0
223841, 0, 1, 0
223848, 0, 0, 0
223853, 0, 1, 0
223860, 0, 0, 0
223866, 0, 1, 0
223873, 0, 0, 0
223879, 0, 1, 0
223886, 0, 0, 0
223892, 0, 1, 0
223899, 0, 0, 0
223905, 0, 1, 0
223912, 0, 0, 0
223917, 0, 1, 0
223924, 0, 0, 0
223930, 0, 1, 0
223937, 0, 0, 0
223943, 0, 1, 0
223950, 0, 0, 0
223956, 0, 1, 0
223963, 0, 0, 0
223969, 0, 1, 0
223976, 0, 0, 0
223981, 0, 1, 0
223988, 0, 0, 0
223994, 0, 1, 0
224001, 0, 0, 0
224007, 0, 1, 0
224014, 0, 0, 0
224020, 0, 1, 0
224027, 0, 0, 0
224033, 0, 1, 0
224040, 0, 0, 0
224045, 0, 1, 0
224052, 0, 0, 0
224058, 0, 1, 0
224065, 0, 0, 0
224071, 0, 1, 0
224078, 0, 0, 0
224084, 0, 1, 0
224091, 0, 0, 0
224097, 0, 1, 0
224104, 0, 0, 0
224109, 0, 1, 0
224116, 0, 0, 0
224122, 0, 1, 0
224129, 0, 0, 0
224135, 0, 1, 0
224142, 0, 0, 0
224148, 0, 1, 0
224155, 0, 0, 0
224161, 0, 1, 0
224168, 0, 0, 0
224173, 0, 1, 0
224180, 0, 0, 0
224186, 0, 1, 0
224193, 0, 0, 0
224199, 0, 1, 0
224206, 0, 0, 0
224212, 0, 1, 0
224219, 0, 0, 0
224225, 0, 1, 0
224232, 0, 0, 0
224237, 0, 1, 0
224244, 0, 0, 0
224250, 0, 1, 0
224257, 0, 0, 0
224263, 0, 1, 0
224270, 0, 0, 0
224276, 0, 1, 0
224283, 0, 0, 0
224289, 0, 1, 0
224296, 0, 0, 0
224301, 0, 1, 0
224308, 0, 0, 0
224314, 0, 1, 0
224321, 0, 0, 0
224327, 0, 1, 0
224334, 0, 0, 0
224340, 0, 1, 0
224347, 0, 0, 0
224353, 0, 1, 0
224360, 0, 0, 0
224365, 0, 1, 0
224372, 0, 0, 0
224378, 0, 1, 0
224385, 0, 0, 0
224391, 0, 1, 0
224398, 0, 0, 0
224404, 0, 1, 0
224411, 0, 0, 0
224417, 0, 1, 0
224424, 0, 0, 0
224429, 0, 1, 0
224436, 0, 0, 0
224442, 0, 1, 0
224449, 0, 0, 0
224455, 0, 1, 0
224462, 0, 0, 0
224468, 0, 1, 0
224475, 0, 0, 0
224481, 0, 1, 0
224488, 0, 0, 0
224493, 0, 1, 0
224500, 0, 0, 0
224506, 0, 1, 0
224513, 0, 0, 0
224519, 0, 1, 0
224526, 0, 0, 0
224532, 0, 1, 0
224539, 0, 0, 0
224545, 0, 1, 0
224552, 0, 0, 0
224557, 0, 1, 0
224564, 0, 0, 0
224570, 0, 1, 0
224577, 0, 0, 0
224583, 0, 1, 0
224590, 0, 0, 0
224596, 0, 1, 0
224603, 0, 0, 0
224609, 0, 1, 0
224616, 0, 0, 0
224621, 0, 1, 0
224628, 0, 0, 0
224634, 0, 1, 0
224641, 0, 0, 0
224647, 0, 1, 0
224654, 0, 0, 0
224660, 0, 1, 0
224667, 0, 0, 0
224673, 0, 1, 0
224680, 0, 0, 0
224685, 0, 1, 0
224693, 0, 0, 0
224698, 0, 1, 0
224705, 0, 0, 0
224711, 0, 1, 0
224718, 0, 0, 0
224724, 0, 1, 0
224731, 0, 0, 0
224736, 0, 0, 1
224737, 0, 1, 1
224744, 0, 0, 1
224749, 1, 1, 0
224757, 1, 0, 0
224762, 1, 1, 0
224769, 1, 0, 0
224775, 1, 1, 0
224782, 1, 0, 0
224788, 1, 1, 0
224795, 1, 0, 0
224801, 1, 1, 0
224808, 1, 0, 0
224813, 1, 1, 0
224821, 1, 0, 0
224826, 0, 1, 0
224833, 0, 0, 0
224839, 1, 1, 0
224846, 1, 0, 0
224852, 1, 1, 0
224859, 1, 0, 0
224865, 1, 1, 0
224872, 1, 0, 0
224877, 0, 1, 0
224885, 0, 0, 0
224890, 0, 1, 0
224897, 0, 0, 0
224903, 0, 1, 0
224910, 0, 0, 0
224916, 0, 1, 0
224923, 0, 0, 0
224929, 0, 1, 0
224936, 0, 0, 0
224941, 1, 1, 0
224949, 1, 0, 0
224954, 0, 1, 0
224961, 0, 0, 0
224967, 0, 1, 0
224974, 0, 0, 0
224980, 0, 1, 0
224987, 0, 0, 0
224993, 0, 1, 0
225000, 0, 0, 0
225005, 0, 1, 0
225013, 0, 0, 0
225018, 0, 1, 0
225025, 0, 0, 0
225031, 0, 1, 0
225038, 0, 0, 0
225044, 0, 1, 0
225051, 0, 0, 0
225057, 0, 1, 0
225064, 0, 0, 0
225069, 0, 1, 0
225077, 0, 0, 0
225082, 0, 1, 0
225089, 0, 0, 0
225095, 0, 1, 0
225102, 0, 0, 0
225108, 0, 1, 0
225115, 0, 0, 0
225121, 0, 1, 0
225128, 0, 0, 0
225133, 0, 1, 0
225141, 0, 0, 0
225146, 0, 1, 0
225153, 0, 0, 0
225159, 0, 1, 0
225166, 0, 0, 0
225172, 0, 1, 0
225179, 0, 0, 0
225185, 0, 1, 0
225192, 0, 0, 0
225197, 0, 1, 0
225205, 0, 0, 0
225210, 0, 1, 0
225217, 0, 0, 0
225223, 0, 1, 0
225230, 0, 0, 0
225236, 0, 1, 0
225243, 0, 0, 0
225249, 0, 1, 0
225256, 0, 0, 0
225261, 0, 1, 0
225269, 0, 0, 0
225274, 0, 1, 0
225281, 0, 0, 0
225287, 0, 1, 0
225294, 0, 0, 0
225300, 0, 1, 0
225307, 0, 0, 0
225313, 0, 1, 0
225320, 0, 0, 0
225325, 0, 1, 0
225333, 0, 0, 0
225338, 0, 1, 0
225345, 0, 0, 0
225351, 0, 1, 0
225358, 0, 0, 0
225364, 0, 1, 0
225371, 0, 0, 0
225377, 0, 1, 0
225384, 0, 0, 0
225389, 0, 1, 0
225397, 0, 0, 0
225402, 0, 1, 0
225409, 0, 0, 0
225415, 0, 1, 0
225422, 0, 0, 0
225428, 0, 1, 0
225435, 0, 0, 0
225441, 0, 1, 0
225448, 0, 0, 0
225454, 0, 1, 0
225461, 0, 0, 0
225466, 0, 1, 0
225473, 0, 0, 0
225479, 0, 1, 0
225486, 0, 0, 0
225492, 0, 1, 0
225499, 0, 0, 0
225505, 0, 1, 0
225512, 0, 0, 0
225518, 0, 1, 0
225525, 0, 0, 0
225530, 0, 1, 0
225537, 0, 0, 0
225543, 0, 1, 0
225550, 0, 0, 0
225556, 0, 1, 0
225563, 0, 0, 0
225569, 0, 1, 0
225576, 0, 0, 0
225582, 0, 1, 0
225589, 0, 0, 0
225594, 0, 1, 0
225601, 0, 0, 0
225607, 0, 1, 0
225614, 0, 0, 0
225620, 0, 1, 0
225627, 0, 0, 0
225633, 0, 1, 0
225640, 0, 0, 0
225646, 0, 1, 0
225653, 0, 0, 0
225658, 0, 1, 0
225665, 0, 0, 0
225671, 0, 1, 0
225678, 0, 0, 0
225684, 0, 1, 0
225691, 0, 0, 0
225697, 0, 1, 0
225704, 0, 0, 0
225710, 0, 1, 0
225717, 0, 0, 0
225722, 0, 1, 0
225729, 0, 0, 0
225735, 0, 1, 0
225742, 0, 0, 0
225748, 0, 1, 0
225755, 0, 0, 0
225761, 0, 1, 0
225768, 0, 0, 0
225774, 0, 1, 0
225781, 0, 0, 0
225786, 0, 1, 0
225793, 0, 0, 0
225799, 0, 1, 0
225806, 0, 0, 0
225812, 0, 1, 0
225819, 0, 0, 0
225825, 0, 1, 0
225832, 0, 0, 0
225838, 0, 1, 0
225845, 0, 0, 0
225850, 0, 1, 0
225857, 0, 0, 0
225863, 0, 1, 0
225870, 0, 0, 0
225876, 0, 1, 0
225883, 0, 0, 0
225889, 0, 1, 0
225896, 0, 0, 0
225902, 0, 1, 0
225909, 0, 0, 0
225914, 0, 1, 0
225921, 0, 0, 0
225927, 0, 1, 0
225934, 0, 0, 0
225940, 0, 1, 0
225947, 0, 0, 0
225953, 0, 1, 0
225960, 0, 0, 0
225966, 0, 1, 0
225973, 0, 0, 0
225978, 0, 1, 0
225985, 0, 0, 0
225991, 0, 1, 0
225998, 0, 0, 0
226004, 0, 1, 0
226011, 0, 0, 0
226017, 0, 1, 0
226024, 0, 0, 0
226030, 0, 1, 0
226037, 0, 0, 0
226042, 0, 1, 0
226049, 0, 0, 0
226055, 0, 1, 0
226062, 0, 0, 0
226068, 0, 1, 0
226075, 0, 0, 0
226081, 0, 1, 0
226088, 0, 0, 0
226094, 0, 1, 0
226101, 0, 0, 0
226106, 0, 1, 0
226113, 0, 0, 0
226119, 0, 1, 0
226126, 0, 0, 0
226132, 0, 1, 0
226139, 0, 0, 0
226145, 0, 1, 0
226152, 0, 0, 0
226158, 0, 1, 0
226165, 0, 0, 0
226170, 0, 1, 0
226177, 0, 0, 0
226183, 0, 1, 0
226190, 0, 0, 0
226196, 0, 1, 0
226203, 0, 0, 0
226209, 0, 1, 0
226216, 0, 0, 0
226222, 0, 1, 0
226229, 0, 0, 0
226234, 0, 1, 0
226241, 0, 0, 0
226247, 0, 1, 0
226254, 0, 0, 0
226260, 0, 1, 0
226267, 0, 0, 0
226273, 0, 1, 0
226280, 0, 0, 0
226286, 0, 1, 0
226293, 0, 0, 0
226298, 0, 1, 0
226305, 0, 0, 0
226311, 0, 1, 0
226318, 0, 0, 0
226324, 0, 1, 0
226331, 0, 0, 0
226337, 0, 1, 0
226344, 0, 0, 0
226350, 0, 1, 0
226357, 0, 0, 0
226362, 0, 1, 0
226369, 0, 0, 0
226375, 0, 1, 1
226382, 0, 0, 1
226387, 1, 0, 1
226388, 1, 1, 0
226395, 1, 0, 0
226401, 1, 1, 0
226408, 1, 0, 0
226414, 1, 1, 0
226421, 1, 0, 0
226426, 1, 1, 0
226433, 1, 0, 0
226439, 1, 1, 0
226446, 1, 0, 0
226452, 1, 1, 0
226459, 1, 0, 0
226464, 0, 0, 0
226465, 0, 1, 0
226472, 0, 0, 0
226477, 1, 0, 0
226478, 1, 1, 0
226485, 1, 0, 0
226490, 1, 1, 0
226497, 1, 0, 0
226503, 1, 1, 0
226510, 1, 0, 0
226516, 0, 1, 0
226523, 0, 0, 0
226529, 0, 1, 0
226536, 0, 0, 0
226542, 0, 1, 0
226549, 0, 0, 0
226554, 0, 1, 0
226561, 0, 0, 0
226567, 0, 1, 0
226574, 0, 0, 0
226579, 1, 0, 0
226580, 1, 1, 0
226587, 1, 0, 0
226592, 0, 0, 0
226593, 0, 1, 0
226600, 0, 0, 0
226606, 0, 1, 0
226613, 0, 0, 0
226618, 0, 1, 0
226625, 0, 0, 0
226631, 0, 1, 0
226638, 0, 0, 0
226644, 0, 1, 0
226651, 0, 0, 0
226657, 0, 1, 0
226664, 0, 0, 0
226670, 0, 1, 0
226677, 0, 0, 0
226682, 0, 1, 0
226689, 0, 0, 0
226695, 0, 1, 0
226702, 0, 0, 0
226708, 0, 1, 0
226715, 0, 0, 0
226721, 0, 1, 0
226728, 0, 0, 0
226734, 0, 1, 0
226741, 0, 0, 0
226746, 0, 1, 0
226753, 0, 0, 0
226759, 0, 1, 0
226766, 0, 0, 0
226772, 0, 1, 0
226779, 0, 0, 0
226785, 0, 1, 0
226792, 0, 0, 0
226798, 0, 1, 0
226805, 0, 0, 0
226810, 0, 1, 0
226817, 0, 0, 0
226823, 0, 1, 0
226830, 0, 0, 0
226836, 0, 1, 0
226843, 0, 0, 0
226849, 0, 1, 0
226856, 0, 0, 0
226862, 0, 1, 0
226869, 0, 0, 0
226874, 0, 1, 0
226881, 0, 0, 0
226887, 0, 1, 0
226894, 0, 0, 0
226900, 0, 1, 0
226907, 0, 0, 0
226913, 0, 1, 0
226920, 0, 0, 0
226926, 0, 1, 0
226933, 0, 0, 0
226938, 0, 1, 0
226945, 0, 0, 0
226951, 0, 1, 0
226958, 0, 0, 0
226964, 0, 1, 0
226971, 0, 0, 0
226977, 0, 1, 0
226984, 0, 0, 0
226990, 0, 1, 0
226997, 0, 0, 0
227002, 0, 1, 0
227009, 0, 0, 0
227015, 0, 1, 0
227022, 0, 0, 0
227028, 0, 1, 0
227035, 0, 0, 0
227041, 0, 1, 0
227048, 0, 0, 0
227054, 0, 1, 0
227061, 0, 0, 0
227066, 0, 1, 0
227073, 0, 0, 0
227079, 0, 1, 0
227086, 0, 0, 0
227092, 0, 1, 0
227099, 0, 0, 0
227105, 0, 1, 0
227112, 0, 0, 0
227118, 0, 1, 0
227125, 0, 0, 0
227130, 0, 1, 0
227137, 0, 0, 0
227143, 0, 1, 0
227150, 0, 0, 0
227156, 0, 1, 0
227163, 0, 0, 0
227169, 0, 1, 0
227176, 0, 0, 0
227182, 0, 1, 0
227189, 0, 0, 0
227194, 0, 1, 0
227201, 0, 0, 0
227207, 0, 1, 0
227214, 0, 0, 0
227220, 0, 1, 0
227227, 0, 0, 0
227233, 0, 1, 0
227240, 0, 0, 0
227246, 0, 1, 0
227253, 0, 0, 0
227258, 0, 1, 0
227265, 0, 0, 0
227271, 0, 1, 0
227278, 0, 0, 0
227284, 0, 1, 0
227291, 0, 0, 0
227297, 0, 1, 0
227304, 0, 0, 0
227310, 0, 1, 0
227317, 0, 0, 0
227322, 0, 1, 0
227329, 0, 0, 0
227335, 0, 1, 0
227342, 0, 0, 0
227348, 0, 1, 0
227355, 0, 0, 0
227361, 0, 1, 0
227368, 0, 0, 0
227374, 0, 1, 0
227381, 0, 0, 0
227386, 0, 1, 0
227393, 0, 0, 0
227399, 0, 1, 0
227406, 0, 0, 0
227412, 0, 1, 0
227419, 0, 0, 0
227425, 0, 1, 0
227432, 0, 0, 0
227438, 0, 1, 0
227445, 0, 0, 0
227450, 0, 1, 0
227457, 0, 0, 0
227463, 0, 1, 0
227470, 0, 0, 0
227476, 0, 1, 0
227483, 0, 0, 0
227489, 0, 1, 0
227496, 0, 0, 0
227502, 0, 1, 0
227509, 0, 0, 0
227514, 0, 1, 0
227521, 0, 0, 0
227527, 0, 1, 0
227534, 0, 0, 0
227540, 0, 1, 0
227547, 0, 0, 0
227553, 0, 1, 0
227560, 0, 0, 0
227566, 0, 1, 0
227573, 0, 0, 0
227578, 0, 1, 0
227585, 0, 0, 0
227591, 0, 1, 0
227598, 0, 0, 0
227604, 0, 1, 0
227611, 0, 0, 0
227617, 0, 1, 0
227624, 0, 0, 0
227630, 0, 1, 0
227637, 0, 0, 0
227642, 0, 1, 0
227649, 0, 0, 0
227655, 0, 1, 0
227662, 0, 0, 0
227668, 0, 1, 0
227675, 0, 0, 0
227681, 0, 1, 0
227688, 0, 0, 0
227694, 0, 1, 0
227701, 0, 0, 0
227706, 0, 1, 0
227713, 0, 0, 0
227719, 0, 1, 0
227726, 0, 0, 0
227732, 0, 1, 0
227739, 0, 0, 0
227745, 0, 1, 0
227752, 0, 0, 0
227758, 0, 1, 0
227765, 0, 0, 0
227770, 0, 1, 0
227777, 0, 0, 0
227783, 0, 1, 0
227790, 0, 0, 0
227796, 0, 1, 0
227803, 0, 0, 0
227809, 0, 1, 0
227816, 0, 0, 0
227822, 0, 1, 0
227829, 0, 0, 0
227834, 0, 1, 0
227841, 0, 0, 0
227847, 0, 1, 0
227854, 0, 0, 0
227860, 0, 1, 0
227867, 0, 0, 0
227873, 0, 1, 0
227880, 0, 0, 0
227886, 0, 1, 0
227893, 0, 0, 0
227898, 0, 1, 0
227905, 0, 0, 0
227911, 0, 1, 0
227918, 0, 0, 0
227924, 0, 1, 0
227931, 0, 0, 0
227937, 0, 1, 0
227944, 0, 0, 0
227950, 0, 1, 0
227957, 0, 0, 0
227962, 0, 1, 0
227969, 0, 0, 0
227975, 0, 1, 0
227982, 0, 0, 0
227988, 0, 1, 0
227995, 0, 0, 0
228001, 0, 1, 0
228008, 0, 0, 0
228013, 0, 0, 1
228014, 0, 1, 1
228021, 0, 0, 1
228026, 1, 1, 0
228033, 1, 0, 0
228039, 1, 1, 0
228046, 1, 0, 0
228052, 1, 1, 0
228059, 1, 0, 0
228065, 1, 1, 0
228072, 1, 0, 0
228078, 1, 1, 0
228085, 1, 0, 0
228090, 1, 1, 0
228097, 1, 0, 0
228103, 0, 1, 0
228110, 0, 0, 0
228116, 1, 1, 0
228123, 1, 0, 0
228129, 1, 1, 0
228136, 1, 0, 0
228142, 1, 1, 0
228149, 1, 0, 0
228154, 0, 1, 0
228161, 0, 0, 0
228167, 0, 1, 0
228174, 0, 0, 0
228180, 0, 1, 0
228187, 0, 0, 0
228193, 0, 1, 0
228200, 0, 0, 0
228206, 0, 1, 0
228213, 0, 0, 0
228218, 1, 1, 0
228225, 1, 0, 0
228231, 0, 1, 0
228238, 0, 0, 0
228244, 0, 1, 0
228251, 0, 0, 0
228257, 0, 1, 0
228264, 0, 0, 0
228270, 0, 1, 0
228277, 0, 0, 0
228282, 0, 1, 0
228289, 0, 0, 0
228295, 0, 1, 0
228302, 0, 0, 0
228308, 0, 1, 0
228315, 0, 0, 0
228321, 0, 1, 0
228328, 0, 0, 0
228334, 0, 1, 0
228341, 0, 0, 0
228346, 0, 1, 0
228353, 0, 0, 0
228359, 0, 1, 0
228366, 0, 0, 0
228372, 0, 1, 0
228379, 0, 0, 0
228385, 0, 1, 0
228392, 0, 0, 0
228398, 0, 1, 0
228405, 0, 0, 0
228410, 0, 1, 0
228417, 0, 0, 0
228423, 0, 1, 0
228430, 0, 0, 0
228436, 0, 1, 0
228443, 0, 0, 0
228449, 0, 1, 0
228456, 0, 0, 0
228462, 0, 1, 0
228469, 0, 0, 0
228474, 0, 1, 0
228481, 0, 0, 0
228487, 0, 1, 0
228494, 0, 0, 0
228500, 0, 1, 0
228507, 0, 0, 0
228513, 0, 1, 0
228520, 0, 0, 0
228526, 0, 1, 0
228533, 0, 0, 0
228538, 0, 1, 0
228545, 0, 0, 0
228551, 0, 1, 0
228558, 0, 0, 0
228564, 0, 1, 0
228571, 0, 0, 0
228577, 0, 1, 0
228584, 0, 0, 0
228590, 0, 1, 0
228597, 0, 0, 0
228602, 0, 1, 0
228609, 0, 0, 0
228615, 0, 1, 0
228622, 0, 0, 0
228628, 0, 1, 0
228635, 0, 0, 0
228641, 0, 1, 0
228648, 0, 0, 0
228654, 0, 1, 0
228661, 0, 0, 0
228666, 0, 1, 0
228673, 0, 0, 0
228679, 0, 1, 0
228686, 0, 0, 0
228692, 0, 1, 0
228699, 0, 0, 0
228705, 0, 1, 0
228712, 0, 0, 0
228718, 0, 1, 0
228725, 0, 0, 0
228730, 0, 1, 0
228737, 0, 0, 0
228743, 0, 1, 0
228750, 0, 0, 0
228756, 0, 1, 0
228763, 0, 0, 0
228769, 0, 1, 0
228776, 0, 0, 0
228782, 0, 1, 0
228789, 0, 0, 0
228794, 0, 1, 0
228801, 0, 0, 0
228807, 0, 1, 0
228814, 0, 0, 0
228820, 0, 1, 0
228827, 0, 0, 0
228833, 0, 1, 0
228840, 0, 0, 0
228846, 0, 1, 0
228853, 0, 0, 0
228858, 0, 1, 0
228865, 0, 0, 0
228871, 0, 1, 0
228878, 0, 0, 0
228884, 0, 1, 0
228891, 0, 0, 0
228897, 0, 1, 0
228904, 0, 0, 0
228910, 0, 1, 0
228917, 0, 0, 0
228922, 0, 1, 0
228929, 0, 0, 0
228935, 0, 1, 0
228942, 0, 0, 0
228948, 0, 1, 0
228955, 0, 0, 0
228961, 0, 1, 0
228968, 0, 0, 0
228974, 0, 1, 0
228981, 0, 0, 0
228986, 0, 1, 0
228993, 0, 0, 0
228999, 0, 1, 0
229006, 0, 0, 0
229012, 0, 1, 0
229019, 0, 0, 0
229025, 0, 1, 0
229032, 0, 0, 0
229038, 0, 1, 0
229045, 0, 0, 0
229050, 0, 1, 0
229057, 0, 0, 0
229063, 0, 1, 0
229070, 0, 0, 0
229076, 0, 1, 0
229083, 0, 0, 0
229089, 0, 1, 0
229096, 0, 0, 0
229102, 0, 1, 0
229109, 0, 0, 0
229114, 0, 1, 0
229121, 0, 0, 0
229127, 0, 1, 0
229134, 0, 0, 0
229140, 0, 1, 0
229147, 0, 0, 0
229153, 0, 1, 0
229160, 0, 0, 0
229166, 0, 1, 0
229173, 0, 0, 0
229178, 0, 1, 0
229185, 0, 0, 0
229191, 0, 1, 0
229198, 0, 0, 0
229204, 0, 1, 0
229211, 0, 0, 0
229217, 0, 1, 0
229224, 0, 0, 0
229230, 0, 1, 0
229237, 0, 0, 0
229242, 0, 1, 0
229249, 0, 0, 0
229255, 0, 1, 0
229262, 0, 0, 0
229268, 0, 1, 0
229275, 0, 0, 0
229281, 0, 1, 0
229288, 0, 0, 0
229294, 0, 1, 0
229301, 0, 0, 0
229306, 0, 1, 0
229313, 0, 0, 0
229319, 0, 1, 0
229326, 0, 0, 0
229332, 0, 1, 0
229339, 0, 0, 0
229345, 0, 1, 0
229352, 0, 0, 0
229358, 0, 1, 0
229365, 0, 0, 0
229370, 0, 1, 0
229377, 0, 0, 0
229383, 0, 1, 0
229390, 0, 0, 0
229396, 0, 1, 0
229403, 0, 0, 0
229409, 0, 1, 0
229416, 0, 0, 0
229422, 0, 1, 0
229429, 0, 0, 0
229434, 0, 1, 0
229441, 0, 0, 0
229447, 0, 1, 0
229454, 0, 0, 0
229460, 0, 1, 0
229467, 0, 0, 0
229473, 0, 1, 0
229480, 0, 0, 0
229486, 0, 1, 0
229493, 0, 0, 0
229498, 0, 1, 0
229505, 0, 0, 0
229511, 0, 1, 0
229518, 0, 0, 0
229524, 0, 1, 0
229531, 0, 0, 0
229537, 0, 1, 0
229544, 0, 0, 0
229550, 0, 1, 0
229557, 0, 0, 0
229562, 0, 1, 0
229570, 0, 0, 0
229575, 0, 1, 0
229582, 0, 0, 0
229588, 0, 1, 0
229595, 0, 0, 0
229601, 0, 1, 0
229608, 0, 0, 0
229614, 0, 1, 0
229621, 0, 0, 0
229626, 0, 1, 0
229634, 0, 0, 0
229639, 0, 1, 0
229646, 0, 0, 0
229652, 0, 1, 1
229659, 0, 0, 1
229664, 1, 0, 1
229665, 1, 1, 0
229672, 1, 0, 0
229678, 1, 1, 0
229685, 1, 0, 0
229690, 1, 1, 0
229698, 1, 0, 0
229703, 1, 1, 0
229710, 1, 0, 0
229716, 1, 1, 0
229723, 1, 0, 0
229729, 1, 1, 0
229736, 1, 0, 0
229741, 0, 0, 0
229742, 0, 1, 0
229749, 0, 0, 0
229754, 1, 1, 0
229762, 1, 0, 0
229767, 1, 1, 0
229774, 1, 0, 0
229780, 1, 1, 0
229787, 1, 0, 0
229792, 0, 0, 0
229793, 0, 1, 0
229800, 0, 0, 0
229806, 0, 1, 0
229813, 0, 0, 0
229818, 0, 1, 0
229826, 0, 0, 0
229831, 0, 1, 0
229838, 0, 0, 0
229844, 0, 1, 0
229851, 0, 0, 0
229856, 1, 0, 0
229857, 1, 1, 0
229864, 1, 0, 0
229869, 0, 0, 0
229870, 0, 1, 0
229877, 0, 0, 0
229882, 0, 1, 0
229890, 0, 0, 0
229895, 0, 1, 0
229902, 0, 0, 0
229908, 0, 1, 0
229915, 0, 0, 0
229921, 0, 1, 0
229928, 0, 0, 0
229934, 0, 1, 0
229941, 0, 0, 0
229946, 0, 1, 0
229954, 0, 0, 0
229959, 0, 1, 0
229966, 0, 0, 0
229972, 0, 1, 0
229979, 0, 0, 0
229985, 0, 1, 0
229992, 0, 0, 0
229998, 0, 1, 0
230005, 0, 0, 0
230010, 0, 1, 0
230018, 0, 0, 0
230023, 0, 1, 0
230030, 0, 0, 0
230036, 0, 1, 0
230043, 0, 0, 0
230049, 0, 1, 0
230056, 0, 0, 0
230062, 0, 1, 0
230069, 0, 0, 0
230074, 0, 1, 0
230082, 0, 0, 0
230087, 0, 1, 0
230094, 0, 0, 0
230100, 0, 1, 0
230107, 0, 0, 0
230113, 0, 1, 0
230120, 0, 0, 0
230126, 0, 1, 0
230133, 0, 0, 0
230138, 0, 1, 0
230146, 0, 0, 0
230151, 0, 1, 0
230158, 0, 0, 0
230164, 0, 1, 0
230171, 0, 0, 0
230177, 0, 1, 0
230184, 0, 0, 0
230190, 0, 1, 0
230197, 0, 0, 0
230202, 0, 1, 0
230210, 0, 0, 0
230215, 0, 1, 0
230222, 0, 0, 0
230228, 0, 1, 0
230235, 0, 0, 0
230241, 0, 1, 0
230248, 0, 0, 0
230254, 0, 1, 0
230261, 0, 0, 0
230266, 0, 1, 0
230274, 0, 0, 0
230279, 0, 1, 0
230286, 0, 0, 0
230292, 0, 1, 0
230299, 0, 0, 0
230305, 0, 1, 0
230312, 0, 0, 0
230318, 0, 1, 0
230325, 0, 0, 0
230330, 0, 1, 0
230338, 0, 0, 0
230343, 0, 1, 0
230350, 0, 0, 0
230356, 0, 1, 0
230363, 0, 0, 0
230369, 0, 1, 0
230376, 0, 0, 0
230382, 0, 1, 0
230389, 0, 0, 0
230395, 0, 1, 0
230402, 0, 0, 0
230407, 0, 1, 0
230414, 0, 0, 0
230420, 0, 1, 0
230427, 0, 0, 0
230433, 0, 1, 0
230440, 0, 0, 0
230446, 0, 1, 0
230453, 0, 0, 0
230459, 0, 1, 0
230466, 0, 0, 0
230471, 0, 1, 0
230478, 0, 0, 0
230484, 0, 1, 0
230491, 0, 0, 0
230497, 0, 1, 0
230504, 0, 0, 0
230510, 0, 1, 0
230517, 0, 0, 0
230523, 0, 1, 0
230530, 0, 0, 0
230535, 0, 1, 0
230542, 0, 0, 0
230548, 0, 1, 0
230555, 0, 0, 0
230561, 0, 1, 0
230568, 0, 0, 0
230574, 0, 1, 0
230581, 0, 0, 0
230587, 0, 1, 0
230594, 0, 0, 0
230599, 0, 1, 0
230606, 0, 0, 0
230612, 0, 1, 0
230619, 0, 0, 0
230625, 0, 1, 0
230632, 0, 0, 0
230638, 0, 1, 0
230645, 0, 0, 0
230651, 0, 1, 0
230658, 0, 0, 0
230663, 0, 1, 0
230670, 0, 0, 0
230676, 0, 1, 0
230683, 0, 0, 0
230689, 0, 1, 0
230696, 0, 0, 0
230702, 0, 1, 0
230709, 0, 0, 0
230715, 0, 1, 0
230722, 0, 0, 0
230727, 0, 1, 0
230734, 0, 0, 0
230740, 0, 1, 0
230747, 0, 0, 0
230753, 0, 1, 0
230760, 0, 0, 0
230766, 0, 1, 0
230773, 0, 0, 0
230779, 0, 1, 0
230786, 0, 0, 0
230791, 0, 1, 0
230798, 0, 0, 0
230804, 0, 1, 0
230811, 0, 0, 0
230817, 0, 1, 0
230824, 0, 0, 0
230830, 0, 1, 0
230837, 0, 0, 0
230843, 0, 1, 0
230850, 0, 0, 0
230855, 0, 1, 0
230862, 0, 0, 0
230868, 0, 1, 0
230875, 0, 0, 0
230881, 0, 1, 0
230888, 0, 0, 0
230894, 0, 1, 0
230901, 0, 0, 0
230907, 0, 1, 0
230914, 0, 0, 0
230919, 0, 1, 0
230926, 0, 0, 0
230932, 0, 1, 0
230939, 0, 0, 0
230945, 0, 1, 0
230952, 0, 0, 0
230958, 0, 1, 0
230965, 0, 0, 0
230971, 0, 1, 0
230978, 0, 0, 0
230983, 0, 1, 0
230990, 0, 0, 0
230996, 0, 1, 0
231003, 0, 0, 0
231009, 0, 1, 0
231016, 0, 0, 0
231022, 0, 1, 0
231029, 0, 0, 0
231035, 0, 1, 0
231042, 0, 0, 0
231047, 0, 1, 0
231054, 0, 0, 0
231060, 0, 1, 0
231067, 0, 0, 0
231073, 0, 1, 0
231080, 0, 0, 0
231086, 0, 1, 0
231093, 0, 0, 0
231099, 0, 1, 0
231106, 0, 0, 0
231111, 0, 1, 0
231118, 0, 0, 0
231124, 0, 1, 0
231131, 0, 0, 0
231137, 0, 1, 0
231144, 0, 0, 0
231150, 0, 1, 0
231157, 0, 0, 0
231163, 0, 1, 0
231170, 0, 0, 0
231175, 0, 1, 0
231182, 0, 0, 0
231188, 0, 1, 0
231195, 0, 0, 0
231201, 0, 1, 0
231208, 0, 0, 0
231214, 0, 1, 0
231221, 0, 0, 0
231227, 0, 1, 0
231234, 0, 0, 0
231239, 0, 1, 0
231246, 0, 0, 0
231252, 0, 1, 0
231259, 0, 0, 0
231265, 0, 1, 0
231272, 0, 0, 0
231278, 0, 1, 0
231285, 0, 0, 0
231290, 0, 0, 1
231291, 0, 1, 1
231298, 0, 0, 1
231303, 1, 1, 0
231310, 1, 0, 0
231316, 1, 1, 0
231323, 1, 0, 0
231329, 1, 1, 0
231336, 1, 0, 0
231342, 1, 1, 0
231349, 1, 0, 0
231355, 1, 1, 0
231362, 1, 0, 0
231367, 1, 1, 0
231374, 1, 0, 0
231380, 0, 1, 0
231387, 0, 0, 0
231392, 1, 0, 0
231393, 1, 1, 0
231400, 1, 0, 0
231406, 1, 1, 0
231413, 1, 0, 0
231419, 1, 1, 0
231426, 1, 0, 0
231431, 0, 1, 0
231438, 0, 0, 0
231444, 0, 1, 0
231451, 0, 0, 0
231457, 0, 1, 0
231464, 0, 0, 0
231470, 0, 1, 0
231477, 0, 0, 0
231483, 0, 1, 0
231490, 0, 0, 0
231495, 1, 1, 0
231502, 1, 0, 0
231508, 0, 1, 0
231515, 0, 0, 0
231521, 0, 1, 0
231528, 0, 0, 0
231534, 0, 1, 0
231541, 0, 0, 0
231547, 0, 1, 0
231554, 0, 0, 0
231559, 0, 1, 0
231566, 0, 0, 0
231572, 0, 1, 0
231579, 0, 0, 0
231585, 0, 1, 0
231592, 0, 0, 0
231598, 0, 1, 0
231605, 0, 0, 0
231611, 0, 1, 0
231618, 0, 0, 0
231623, 0, 1, 0
231630, 0, 0, 0
231636, 0, 1, 0
231643, 0, 0, 0
231649, 0, 1, 0
231656, 0, 0, 0
231662, 0, 1, 0
231669, 0, 0, 0
231675, 0, 1, 0
231682, 0, 0, 0
231687, 0, 1, 0
231694, 0, 0, 0
231700, 0, 1, 0
231707, 0, 0, 0
231713, 0, 1, 0
231720, 0, 0, 0
231726, 0, 1, 0
231733, 0, 0, 0
231739, 0, 1, 0
231746, 0, 0, 0
231751, 0, 1, 0
231758, 0, 0, 0
231764, 0, 1, 0
231771, 0, 0, 0
231777, 0, 1, 0
231784, 0, 0, 0
231790, 0, 1, 0
231797, 0, 0, 0
231803, 0, 1, 0
231810, 0, 0, 0
231815, 0, 1, 0
231822, 0, 0, 0
231828, 0, 1, 0
231835, 0, 0, 0
231841, 0, 1, 0
231848, 0, 0, 0
231854, 0, 1, 0
231861, 0, 0, 0
231867, 0, 1, 0
231874, 0, 0, 0
231879, 0, 1, 0
231886, 0, 0, 0
231892, 0, 1, 0
231899, 0, 0, 0
231905, 0, 1, 0
231912, 0, 0, 0
231918, 0, 1, 0
231925, 0, 0, 0
231931, 0, 1, 0
231938, 0, 0, 0
231943, 0, 1, 0
231950, 0, 0, 0
231956, 0, 1, 0
231963, 0, 0, 0
231969, 0, 1, 0
231976, 0, 0, 0
231982, 0, 1, 0
231989, 0, 0, 0
231995, 0, 1, 0
232002, 0, 0, 0
232007, 0, 1, 0
232014, 0, 0, 0
232020, 0, 1, 0
232027, 0, 0, 0
232033, 0, 1, 0
232040, 0, 0, 0
232046, 0, 1, 0
232053, 0, 0, 0
232059, 0, 1, 0
232066, 0, 0, 0
232071, 0, 1, 0
232078, 0, 0, 0
232084, 0, 1, 0
232091, 0, 0, 0
232097, 0, 1, 0
232104, 0, 0, 0
232110, 0, 1, 0
232117, 0, 0, 0
232123, 0, 1, 0
232130, 0, 0, 0
232135, 0, 1, 0
232142, 0, 0, 0
232148, 0, 1, 0
232155, 0, 0, 0
232161, 0, 1, 0
232168, 0, 0, 0
232174, 0, 1, 0
232181, 0, 0, 0
232187, 0, 1, 0
232194, 0, 0, 0
232199, 0, 1, 0
232206, 0, 0, 0
232212, 0, 1, 0
232219, 0, 0, 0
232225, 0, 1, 0
232232, 0, 0, 0
232238, 0, 1, 0
232245, 0, 0, 0
232251, 0, 1, 0
232258, 0, 0, 0
232263, 0, 1, 0
232270, 0, 0, 0
232276, 0, 1, 0
232283, 0, 0, 0
232289, 0, 1, 0
232296, 0, 0, 0
232302, 0, 1, 0
232309, 0, 0, 0
232315, 0, 1, 0
232322, 0, 0, 0
232327, 0, 1, 0
232334, 0, 0, 0
232340, 0, 1, 0
232347, 0, 0, 0
232353, 0, 1, 0
232360, 0, 0, 0
232366, 0, 1, 0
232373, 0, 0, 0
232379, 0, 1, 0
232386, 0, 0, 0
232391, 0, 1, 0
232398, 0, 0, 0
232404, 0, 1, 0
232411, 0, 0, 0
232417, 0, 1, 0
232424, 0, 0, 0
232430, 0, 1, 0
232437, 0, 0, 0
232443, 0, 1, 0
232450, 0, 0, 0
232455, 0, 1, 0
232462, 0, 0, 0
232468, 0, 1, 0
232475, 0, 0, 0
232481, 0, 1, 0
232488, 0, 0, 0
232494, 0, 1, 0
232501, 0, 0, 0
232507, 0, 1, 0
232514, 0, 0, 0
232519, 0, 1, 0
232526, 0, 0, 0
232532, 0, 1, 0
232539, 0, 0, 0
232545, 0, 1, 0
232552, 0, 0, 0
232558, 0, 1, 0
232565, 0, 0, 0
232571, 0, 1, 0
232578, 0, 0, 0
232583, 0, 1, 0
232590, 0, 0, 0
232596, 0, 1, 0
232603, 0, 0, 0
232609, 0, 1, 0
232616, 0, 0, 0
232622, 0, 1, 0
232629, 0, 0, 0
232635, 0, 1, 0
232642, 0, 0, 0
232647, 0, 1, 0
232654, 0, 0, 0
232660, 0, 1, 0
232667, 0, 0, 0
232673, 0, 1, 0
232680, 0, 0, 0
232686, 0, 1, 0
232693, 0, 0, 0
232699, 0, 1, 0
232706, 0, 0, 0
232711, 0, 1, 0
232718, 0, 0, 0
232724, 0, 1, 0
232731, 0, 0, 0
232737, 0, 1, 0
232744, 0, 0, 0
232750, 0, 1, 0
232757, 0, 0, 0
232763, 0, 1, 0
232770, 0, 0, 0
232775, 0, 1, 0
232782, 0, 0, 0
232788, 0, 1, 0
232795, 0, 0, 0
232801, 0, 1, 0
232808, 0, 0, 0
232814, 0, 1, 0
232821, 0, 0, 0
232827, 0, 1, 0
232834, 0, 0, 0
232839, 0, 1, 0
232846, 0, 0, 0
232852, 0, 1, 0
232859, 0, 0, 0
232865, 0, 1, 0
232872, 0, 0, 0
232878, 0, 1, 0
232885, 0, 0, 0
232891, 0, 1, 0
232898, 0, 0, 0
232903, 0, 1, 0
232910, 0, 0, 0
232916, 0, 1, 0
232923, 0, 0, 0
232929, 0, 1, 1
232936, 0, 0, 1
232941, 1, 0, 1
232942, 1, 1, 0
232949, 1, 0, 0
232955, 1, 1, 0
232962, 1, 0, 0
232967, 1, 1, 0
232974, 1, 0, 0
232980, 1, 1, 0
232987, 1, 0, 0
232993, 1, 1, 0
233000, 1, 0, 0
233006, 1, 1, 0
233013, 1, 0, 0
233018, 0, 0, 0
233019, 0, 1, 0
233026, 0, 0, 0
233031, 1, 1, 0
233038, 1, 0, 0
233044, 1, 1, 0
233051, 1, 0, 0
233057, 1, 1, 0
233064, 1, 0, 0
233069, 0, 0, 0
233070, 0, 1, 0
233077, 0, 0, 0
233083, 0, 1, 0
233090, 0, 0, 0
233095, 0, 1, 0
233102, 0, 0, 0
233108, 0, 1, 0
233115, 0, 0, 0
233121, 0, 1, 0
233128, 0, 0, 0
233133, 1, 0, 0
233134, 1, 1, 0
233141, 1, 0, 0
233146, 0, 0, 0
233147, 0, 1, 0
233154, 0, 0, 0
233159, 0, 1, 0
233166, 0, 0, 0
233172, 0, 1, 0
233179, 0, 0, 0
233185, 0, 1, 0
233192, 0, 0, 0
233198, 0, 1, 0
233205, 0, 0, 0
233211, 0, 1, 0
233218, 0, 0, 0
233223, 0, 1, 0
233230, 0, 0, 0
233236, 0, 1, 0
233243, 0, 0, 0
233249, 0, 1, 0
233256, 0, 0, 0
233262, 0, 1, 0
233269, 0, 0, 0
233275, 0, 1, 0
233282, 0, 0, 0
233287, 0, 1, 0
233294, 0, 0, 0
233300, 0, 1, 0
233307, 0, 0, 0
233313, 0, 1, 0
233320, 0, 0, 0
233326, 0, 1, 0
233333, 0, 0, 0
233339, 0, 1, 0
233346, 0, 0, 0
233351, 0, 1, 0
233358, 0, 0, 0
233364, 0, 1, 0
233371, 0, 0, 0
233377, 0, 1, 0
233384, 0, 0, 0
233390, 0, 1, 0
233397, 0, 0, 0
233403, 0, 1, 0
233410, 0, 0, 0
233415, 0, 1, 0
233422, 0, 0, 0
233428, 0, 1, 0
233435, 0, 0, 0
233441, 0, 1, 0
233448, 0, 0, 0
233454, 0, 1, 0
233461, 0, 0, 0
233467, 0, 1, 0
233474, 0, 0, 0
233479, 0, 1, 0
233486, 0, 0, 0
233492, 0, 1, 0
233499, 0, 0, 0
233505, 0, 1, 0
233512, 0, 0, 0
233518, 0, 1, 0
233525, 0, 0, 0
233531, 0, 1, 0
233538, 0, 0, 0
233543, 0, 1, 0
233550, 0, 0, 0
233556, 0, 1, 0
233563, 0, 0, 0
233569, 0, 1, 0
233576, 0, 0, 0
233582, 0, 1, 0
233589, 0, 0, 0
233595, 0, 1, 0
233602, 0, 0, 0
233607, 0, 1, 0
233614, 0, 0, 0
233620, 0, 1, 0
233627, 0, 0, 0
233633, 0, 1, 0
233640, 0, 0, 0
233646, 0, 1, 0
233653, 0, 0, 0
233659, 0, 1, 0
233666, 0, 0, 0
233671, 0, 1, 0
233678, 0, 0, 0
233684, 0, 1, 0
233691, 0, 0, 0
233697, 0, 1, 0
233704, 0, 0, 0
233710, 0, 1, 0
233717, 0, 0, 0
233723, 0, 1, 0
233730, 0, 0, 0
233735, 0, 1, 0
233742, 0, 0, 0
233748, 0, 1, 0
233755, 0, 0, 0
233761, 0, 1, 0
233768, 0, 0, 0
233774, 0, 1, 0
233781, 0, 0, 0
233787, 0, 1, 0
233794, 0, 0, 0
233799, 0, 1, 0
233806, 0, 0, 0
233812, 0, 1, 0
233819, 0, 0, 0
233825, 0, 1, 0
233832, 0, 0, 0
233838, 0, 1, 0
233845, 0, 0, 0
233851, 0, 1, 0
233858, 0, 0, 0
233863, 0, 1, 0
233870, 0, 0, 0
233876, 0, 1, 0
233883, 0, 0, 0
233889, 0, 1, 0
233896, 0, 0, 0
233902, 0, 1, 0
233909, 0, 0, 0
233915, 0, 1, 0
233922, 0, 0, 0
233927, 0, 1, 0
233934, 0, 0, 0
233940, 0, 1, 0
233947, 0, 0, 0
233953, 0, 1, 0
233960, 0, 0, 0
233966, 0, 1, 0
233973, 0, 0, 0
233979, 0, 1, 0
233986, 0, 0, 0
233991, 0, 1, 0
233998, 0, 0, 0
234004, 0, 1, 0
234011, 0, 0, 0
234017, 0, 1, 0
234024, 0, 0, 0
234030, 0, 1, 0
234037, 0, 0, 0
234043, 0, 1, 0
234050, 0, 0, 0
234055, 0, 1, 0
234062, 0, 0, 0
234068, 0, 1, 0
234075, 0, 0, 0
234081, 0, 1, 0
234088, 0, 0, 0
234094, 0, 1, 0
234101, 0, 0, 0
234107, 0, 1, 0
234114, 0, 0, 0
234119, 0, 1, 0
234126, 0, 0, 0
234132, 0, 1, 0
234139, 0, 0, 0
234145, 0, 1, 0
234152, 0, 0, 0
234158, 0, 1, 0
234165, 0, 0, 0
234171, 0, 1, 0
234178, 0, 0, 0
234183, 0, 1, 0
234190, 0, 0, 0
234196, 0, 1, 0
234203, 0, 0, 0
234209, 0, 1, 0
234216, 0, 0, 0
234222, 0, 1, 0
234229, 0, 0, 0
234235, 0, 1, 0
234242, 0, 0, 0
234247, 0, 1, 0
234254, 0, 0, 0
234260, 0, 1, 0
234267, 0, 0, 0
234273, 0, 1, 0
234280, 0, 0, 0
234286, 0, 1, 0
234293, 0, 0, 0
234299, 0, 1, 0
234306, 0, 0, 0
234311, 0, 1, 0
234318, 0, 0, 0
234324, 0, 1, 0
234331, 0, 0, 0
234337, 0, 1, 0
234344, 0, 0, 0
234350, 0, 1, 0
234357, 0, 0, 0
234363, 0, 1, 0
234370, 0, 0, 0
234375, 0, 1, 0
234382, 0, 0, 0
234388, 0, 1, 0
234395, 0, 0, 0
234401, 0, 1, 0
234408, 0, 0, 0
234414, 0, 1, 0
234421, 0, 0, 0
234427, 0, 1, 0
234434, 0, 0, 0
234439, 0, 1, 0
234447, 0, 0, 0
234452, 0, 1, 0
234459, 0, 0, 0
234465, 0, 1, 0
234472, 0, 0, 0
234478, 0, 1, 0
234485, 0, 0, 0
234491, 0, 1, 0
234498, 0, 0, 0
234503, 0, 1, 0
234511, 0, 0, 0
234516, 0, 1, 0
234523, 0, 0, 0
234529, 0, 1, 0
234536, 0, 0, 0
234542, 0, 1, 0
234549, 0, 0, 0
234555, 0, 1, 0
234562, 0, 0, 0
234567, 0, 1, 1
234575, 0, 0, 1
234580, 1, 1, 0
234587, 1, 0, 0
234593, 1, 1, 0
234600, 1, 0, 0
234606, 1, 1, 0
234613, 1, 0, 0
234619, 1, 1, 0
234626, 1, 0, 0
234631, 1, 1, 0
234639, 1, 0, 0
234644, 1, 1, 0
234651, 1, 0, 0
234657, 0, 1, 0
234664, 0, 0, 0
234669, 1, 0, 0
234670, 1, 1, 0
234677, 1, 0, 0
234683, 1, 1, 0
234690, 1, 0, 0
234695, 1, 1, 0
234703, 1, 0, 0
234708, 0, 1, 0
234715, 0, 0, 0
234721, 0, 1, 0
234728, 0, 0, 0
234734, 0, 1, 0
234741, 0, 0, 0
234747, 0, 1, 0
234754, 0, 0, 0
234759, 0, 1, 0
234767, 0, 0, 0
234772, 1, 1, 0
234779, 1, 0, 0
234785, 0, 1, 0
234792, 0, 0, 0
234798, 0, 1, 0
234805, 0, 0, 0
234811, 0, 1, 0
234818, 0, 0, 0
234823, 0, 1, 0
234831, 0, 0, 0
234836, 0, 1, 0
234843, 0, 0, 0
234849, 0, 1, 0
234856, 0, 0, 0
234862, 0, 1, 0
234869, 0, 0, 0
234875, 0, 1, 0
234882, 0, 0, 0
234887, 0, 1, 0
234895, 0, 0, 0
234900, 0, 1, 0
234907, 0, 0, 0
234913, 0, 1, 0
234920, 0, 0, 0
234926, 0, 1, 0
234933, 0, 0, 0
234939, 0, 1, 0
234946, 0, 0, 0
234951, 0, 1, 0
234959, 0, 0, 0
234964, 0, 1, 0
234971, 0, 0, 0
234977, 0, 1, 0
234984, 0, 0, 0
234990, 0, 1, 0
234997, 0, 0, 0
235003, 0, 1, 0
235010, 0, 0, 0
235015, 0, 1, 0
235023, 0, 0, 0
235028, 0, 1, 0
235035, 0, 0, 0
235041, 0, 1, 0
235048, 0, 0, 0
235054, 0, 1, 0
235061, 0, 0, 0
235067, 0, 1, 0
235074, 0, 0, 0
235079, 0, 1, 0
235087, 0, 0, 0
235092, 0, 1, 0
235099, 0, 0, 0
235105, 0, 1, 0
235112, 0, 0, 0
235118, 0, 1, 0
235125, 0, 0, 0
235131, 0, 1, 0
235138, 0, 0, 0
235143, 0, 1, 0
235151, 0, 0, 0
235156, 0, 1, 0
235163, 0, 0, 0
235169, 0, 1, 0
235176, 0, 0, 0
235182, 0, 1, 0
235189, 0, 0, 0
235195, 0, 1, 0
235202, 0, 0, 0
235207, 0, 1, 0
235215, 0, 0, 0
235220, 0, 1, 0
235227, 0, 0, 0
235233, 0, 1, 0
235240, 0, 0, 0
235246, 0, 1, 0
235253, 0, 0, 0
235259, 0, 1, 0
235266, 0, 0, 0
235271, 0, 1, 0
235279, 0, 0, 0
235284, 0, 1, 0
235291, 0, 0, 0
235297, 0, 1, 0
235304, 0, 0, 0
235310, 0, 1, 0
235317, 0, 0, 0
235323, 0, 1, 0
235330, 0, 0, 0
235336, 0, 1, 0
235343, 0, 0, 0
235348, 0, 1, 0
235355, 0, 0, 0
235361, 0, 1, 0
235368, 0, 0, 0
235374, 0, 1, 0
235381, 0, 0, 0
235387, 0, 1, 0
235394, 0, 0, 0
235400, 0, 1, 0
235407, 0, 0, 0
235412, 0, 1, 0
235419, 0, 0, 0
235425, 0, 1, 0
235432, 0, 0, 0
235438, 0, 1, 0
235445, 0, 0, 0
235451, 0, 1, 0
235458, 0, 0, 0
235464, 0, 1, 0
235471, 0, 0, 0
235476, 0, 1, 0
235483, 0, 0, 0
235489, 0, 1, 0
235496, 0, 0, 0
235502, 0, 1, 0
235509, 0, 0, 0
235515, 0, 1, 0
235522, 0, 0, 0
235528, 0, 1, 0
235535, 0, 0, 0
235540, 0, 1, 0
235547, 0, 0, 0
235553, 0, 1, 0
235560, 0, 0, 0
235566, 0, 1, 0
235573, 0, 0, 0
235579, 0, 1, 0
235586, 0, 0, 0
235592, 0, 1, 0
235599, 0, 0, 0
235604, 0, 1, 0
235611, 0, 0, 0
235617, 0, 1, 0
235624, 0, 0, 0
235630, 0, 1, 0
235637, 0, 0, 0
235643, 0, 1, 0
235650, 0, 0, 0
235656, 0, 1, 0
235663, 0, 0, 0
235668, 0, 1, 0
235675, 0, 0, 0
235681, 0, 1, 0
235688, 0, 0, 0
235694, 0, 1, 0
235701, 0, 0, 0
235707, 0, 1, 0
235714, 0, 0, 0
235720, 0, 1, 0
235727, 0, 0, 0
235732, 0, 1, 0
235739, 0, 0, 0
235745, 0, 1, 0
235752, 0, 0, 0
235758, 0, 1, 0
235765, 0, 0, 0
235771, 0, 1, 0
235778, 0, 0, 0
235784, 0, 1, 0
235791, 0, 0, 0
235796, 0, 1, 0
235803, 0, 0, 0
235809, 0, 1, 0
235816, 0, 0, 0
235822, 0, 1, 0
235829, 0, 0, 0
235835, 0, 1, 0
235842, 0, 0, 0
235848, 0, 1, 0
235855, 0, 0, 0
235860, 0, 1, 0
235867, 0, 0, 0
235873, 0, 1, 0
235880, 0, 0, 0
235886, 0, 1, 0
235893, 0, 0, 0
235899, 0, 1, 0
235906, 0, 0, 0
235912, 0, 1, 0
235919, 0, 0, 0
235924, 0, 1, 0
235931, 0, 0, 0
235937, 0, 1, 0
235944, 0, 0, 0
235950, 0, 1, 0
235957, 0, 0, 0
235963, 0, 1, 0
235970, 0, 0, 0
235976, 0, 1, 0
235983, 0, 0, 0
235988, 0, 1, 0
235995, 0, 0, 0
236001, 0, 1, 0
236008, 0, 0, 0
236014, 0, 1, 0
236021, 0, 0, 0
236027, 0, 1, 0
236034, 0, 0, 0
236040, 0, 1, 0
236047, 0, 0, 0
236052, 0, 1, 0
236059, 0, 0, 0
236065, 0, 1, 0
236072, 0, 0, 0
236078, 0, 1, 0
236085, 0, 0, 0
236091, 0, 1, 0
236098, 0, 0, 0
236104, 0, 1, 0
236111, 0, 0, 0
236116, 0, 1, 0
236123, 0, 0, 0
236129, 0, 1, 0
236136, 0, 0, 0
236142, 0, 1, 0
236149, 0, 0, 0
236155, 0, 1, 0
236162, 0, 0, 0
236168, 0, 1, 0
236175, 0, 0, 0
236180, 0, 1, 0
236187, 0, 0, 0
236193, 0, 1, 0
236200, 0, 0, 0
236206, 0, 1, 1
236213, 0, 0, 1
236218, 1, 0, 1
236219, 1, 1, 0
236226, 1, 0, 0
236232, 1, 1, 0
236239, 1, 0, 0
236244, 1, 1, 0
236251, 1, 0, 0
236257, 1, 1, 0
236264, 1, 0, 0
236270, 1, 1, 0
236277, 1, 0, 0
236283, 1, 1, 0
236290, 1, 0, 0
236295, 0, 0, 0
236296, 0, 1, 0
236303, 0, 0, 0
236308, 1, 1, 0
236315, 1, 0, 0
236321, 1, 1, 0
236328, 1, 0, 0
236334, 1, 1, 0
236341, 1, 0, 0
236346, 0, 0, 0
236347, 0, 1, 0
236354, 0, 0, 0
236360, 0, 1, 0
236367, 0, 0, 0
236372, 0, 1, 0
236379, 0, 0, 0
236385, 0, 1, 0
236392, 0, 0, 0
236398, 0, 1, 0
236405, 0, 0, 0
236410, 1, 0, 0
236411, 1, 1, 0
236418, 1, 0, 0
236423, 0, 0, 0
236424, 0, 1, 0
236431, 0, 0, 0
236436, 0, 1, 0
236443, 0, 0, 0
236449, 0, 1, 0
236456, 0, 0, 0
236462, 0, 1, 0
236469, 0, 0, 0
236475, 0, 1, 0
236482, 0, 0, 0
236488, 0, 1, 0
236495, 0, 0, 0
236500, 0, 1, 0
236507, 0, 0, 0
236513, 0, 1, 0
236520, 0, 0, 0
236526, 0, 1, 0
236533, 0, 0, 0
236539, 0, 1, 0
236546, 0, 0, 0
236552, 0, 1, 0
236559, 0, 0, 0
236564, 0, 1, 0
236571, 0, 0, 0
236577, 0, 1, 0
236584, 0, 0, 0
236590, 0, 1, 0
236597, 0, 0, 0
236603, 0, 1, 0
236610, 0, 0, 0
236616, 0, 1, 0
236623, 0, 0, 0
236628, 0, 1, 0
236635, 0, 0, 0
236641, 0, 1, 0
236648, 0, 0, 0
236654, 0, 1, 0
236661, 0, 0, 0
236667, 0, 1, 0
236674, 0, 0, 0
236680, 0, 1, 0
236687, 0, 0, 0
236692, 0, 1, 0
236699, 0, 0, 0
236705, 0, 1, 0
236712, 0, 0, 0
236718, 0, 1, 0
236725, 0, 0, 0
236731, 0, 1, 0
236738, 0, 0, 0
236744, 0, 1, 0
236751, 0, 0, 0
236756, 0, 1, 0
236763, 0, 0, 0
236769, 0, 1, 0
236776, 0, 0, 0
236782, 0, 1, 0
236789, 0, 0, 0
236795, 0, 1, 0
236802, 0, 0, 0
236808, 0, 1, 0
236815, 0, 0, 0
236820, 0, 1, 0
236827, 0, 0, 0
236833, 0, 1, 0
236840, 0, 0, 0
236846, 0, 1, 0
236853, 0, 0, 0
236859, 0, 1, 0
236866, 0, 0, 0
236872, 0, 1, 0
236879, 0, 0, 0
236884, 0, 1, 0
236891, 0, 0, 0
236897, 0, 1, 0
236904, 0, 0, 0
236910, 0, 1, 0
236917, 0, 0, 0
236923, 0, 1, 0
236930, 0, 0, 0
236936, 0, 1, 0
236943, 0, 0, 0
236948, 0, 1, 0
236955, 0, 0, 0
236961, 0, 1, 0
236968, 0, 0, 0
236974, 0, 1, 0
236981, 0, 0, 0
236987, 0, 1, 0
236994, 0, 0, 0
237000, 0, 1, 0
237007, 0, 0, 0
237012, 0, 1, 0
237019, 0, 0, 0
237025, 0, 1, 0
237032, 0, 0, 0
237038, 0, 1, 0
237045, 0, 0, 0
237051, 0, 1, 0
237058, 0, 0, 0
237064, 0, 1, 0
237071, 0, 0, 0
237076, 0, 1, 0
237083, 0, 0, 0
237089, 0, 1, 0
237096, 0, 0, 0
237102, 0, 1, 0
237109, 0, 0, 0
237115, 0, 1, 0
237122, 0, 0, 0
237128, 0, 1, 0
237135, 0, 0, 0
237140, 0, 1, 0
237147, 0, 0, 0
237153, 0, 1, 0
237160, 0, 0, 0
237166, 0, 1, 0
237173, 0, 0, 0
237179, 0, 1, 0
237186, 0, 0, 0
237192, 0, 1, 0
237199, 0, 0, 0
237204, 0, 1, 0
237211, 0, 0, 0
237217, 0, 1, 0
237224, 0, 0, 0
237230, 0, 1, 0
237237, 0, 0, 0
237243, 0, 1, 0
237250, 0, 0, 0
237256, 0, 1, 0
237263, 0, 0, 0
237268, 0, 1, 0
237275, 0, 0, 0
237281, 0, 1, 0
237288, 0, 0, 0
237294, 0, 1, 0
237301, 0, 0, 0
237307, 0, 1, 0
237314, 0, 0, 0
237320, 0, 1, 0
237327, 0, 0, 0
237332, 0, 1, 0
237339, 0, 0, 0
237345, 0, 1, 0
237352, 0, 0, 0
237358, 0, 1, 0
237365, 0, 0, 0
237371, 0, 1, 0
237378, 0, 0, 0
237384, 0, 1, 0
237391, 0, 0, 0
237396, 0, 1, 0
237403, 0, 0, 0
237409, 0, 1, 0
237416, 0, 0, 0
237422, 0, 1, 0
237429, 0, 0, 0
237435, 0, 1, 0
237442, 0, 0, 0
237448, 0, 1, 0
237455, 0, 0, 0
237460, 0, 1, 0
237467, 0, 0, 0
237473, 0, 1, 0
237480, 0, 0, 0
237486, 0, 1, 0
237493, 0, 0, 0
237499, 0, 1, 0
237506, 0, 0, 0
237512, 0, 1, 0
237519, 0, 0, 0
237524, 0, 1, 0
237531, 0, 0, 0
237537, 0, 1, 0
237544, 0, 0, 0
237550, 0, 1, 0
237557, 0, 0, 0
237563, 0, 1, 0
237570, 0, 0, 0
237576, 0, 1, 0
237583, 0, 0, 0
237588, 0, 1, 0
237595, 0, 0, 0
237601, 0, 1, 0
237608, 0, 0, 0
237614, 0, 1, 0
237621, 0, 0, 0
237627, 0, 1, 0
237634, 0, 0, 0
237640, 0, 1, 0
237647, 0, 0, 0
237652, 0, 1, 0
237659, 0, 0, 0
237665, 0, 1, 0
237672, 0, 0, 0
237678, 0, 1, 0
237685, 0, 0, 0
237691, 0, 1, 0
237698, 0, 0, 0
237704, 0, 1, 0
237711, 0, 0, 0
237716, 0, 1, 0
237723, 0, 0, 0
237729, 0, 1, 0
237736, 0, 0, 0
237742, 0, 1, 0
237749, 0, 0, 0
237755, 0, 1, 0
237762, 0, 0, 0
237768, 0, 1, 0
237775, 0, 0, 0
237780, 0, 1, 0
237787, 0, 0, 0
237793, 0, 1, 0
237800, 0, 0, 0
237806, 0, 1, 0
237813, 0, 0, 0
237819, 0, 1, 0
237826, 0, 0, 0
237832, 0, 1, 0
237839, 0, 0, 0
237844, 0, 1, 1
237851, 0, 0, 1
237857, 1, 1, 0
237864, 1, 0, 0
237870, 1, 1, 0
237877, 1, 0, 0
237883, 1, 1, 0
237890, 1, 0, 0
237896, 1, 1, 0
237903, 1, 0, 0
237908, 1, 1, 0
237915, 1, 0, 0
237921, 1, 1, 0
237928, 1, 0, 0
237934, 0, 1, 0
237941, 0, 0, 0
237946, 1, 0, 0
237947, 1, 1, 0
237954, 1, 0, 0
237960, 1, 1, 0
237967, 1, 0, 0
237972, 1, 1, 0
237979, 1, 0, 0
237985, 0, 1, 0
237992, 0, 0, 0
237998, 0, 1, 0
238005, 0, 0, 0
238011, 0, 1, 0
238018, 0, 0, 0
238024, 0, 1, 0
238031, 0, 0, 0
238036, 0, 1, 0
238043, 0, 0, 0
238049, 1, 1, 0
238056, 1, 0, 0
238062, 0, 1, 0
238069, 0, 0, 0
238075, 0, 1, 0
238082, 0, 0, 0
238088, 0, 1, 0
238095, 0, 0, 0
238100, 0, 1, 0
238107, 0, 0, 0
238113, 0, 1, 0
238120, 0, 0, 0
238126, 0, 1, 0
238133, 0, 0, 0
238139, 0, 1, 0
238146, 0, 0, 0
238152, 0, 1, 0
238159, 0, 0, 0
238164, 0, 1, 0
238171, 0, 0, 0
238177, 0, 1, 0
238184, 0, 0, 0
238190, 0, 1, 0
238197, 0, 0, 0
238203, 0, 1, 0
238210, 0, 0, 0
238216, 0, 1, 0
238223, 0, 0, 0
238228, 0, 1, 0
238235, 0, 0, 0
238241, 0, 1, 0
238248, 0, 0, 0
238254, 0, 1, 0
238261, 0, 0, 0
238267, 0, 1, 0
238274, 0, 0, 0
238280, 0, 1, 0
238287, 0, 0, 0
238292, 0, 1, 0
238299, 0, 0, 0
238305, 0, 1, 0
238312, 0, 0, 0
238318, 0, 1, 0
238325, 0, 0, 0
238331, 0, 1, 0
238338, 0, 0, 0
238344, 0, 1, 0
238351, 0, 0, 0
238356, 0, 1, 0
238363, 0, 0, 0
238369, 0, 1, 0
238376, 0, 0, 0
238382, 0, 1, 0
238389, 0, 0, 0
238395, 0, 1, 0
238402, 0, 0, 0
238408, 0, 1, 0
238415, 0, 0, 0
238420, 0, 1, 0
238427, 0, 0, 0
238433, 0, 1, 0
238440, 0, 0, 0
238446, 0, 1, 0
238453, 0, 0, 0
238459, 0, 1, 0
238466, 0, 0, 0
238472, 0, 1, 0
238479, 0, 0, 0
238484, 0, 1, 0
238491, 0, 0, 0
238497, 0, 1, 0
238504, 0, 0, 0
238510, 0, 1, 0
238517, 0, 0, 0
238523, 0, 1, 0
238530, 0, 0, 0
238536, 0, 1, 0
238543, 0, 0, 0
238548, 0, 1, 0
238555, 0, 0, 0
238561, 0, 1, 0
238568, 0, 0, 0
238574, 0, 1, 0
238581, 0, 0, 0
238587, 0, 1, 0
238594, 0, 0, 0
238600, 0, 1, 0
238607, 0, 0, 0
238612, 0, 1, 0
238619, 0, 0, 0
238625, 0, 1, 0
238632, 0, 0, 0
238638, 0, 1, 0
238645, 0, 0, 0
238651, 0, 1, 0
238658, 0, 0, 0
238664, 0, 1, 0
238671, 0, 0, 0
238676, 0, 1, 0
238683, 0, 0, 0
238689, 0, 1, 0
238696, 0, 0, 0
238702, 0, 1, 0
238709, 0, 0, 0
238715, 0, 1, 0
238722, 0, 0, 0
238728, 0, 1, 0
238735, 0, 0, 0
238740, 0, 1, 0
238747, 0, 0, 0
238753, 0, 1, 0
238760, 0, 0, 0
238766, 0, 1, 0
238773, 0, 0, 0
238779, 0, 1, 0
238786, 0, 0, 0
238792, 0, 1, 0
238799, 0, 0, 0
238804, 0, 1, 0
238811, 0, 0, 0
238817, 0, 1, 0
238824, 0, 0, 0
238830, 0, 1, 0
238837, 0, 0, 0
238843, 0, 1, 0
238850, 0, 0, 0
238856, 0, 1, 0
238863, 0, 0, 0
238868, 0, 1, 0
238875, 0, 0, 0
238881, 0, 1, 0
238888, 0, 0, 0
238894, 0, 1, 0
238901, 0, 0, 0
238907, 0, 1, 0
238914, 0, 0, 0
238920, 0, 1, 0
238927, 0, 0, 0
238932, 0, 1, 0
238939, 0, 0, 0
238945, 0, 1, 0
238952, 0, 0, 0
238958, 0, 1, 0
238965, 0, 0, 0
238971, 0, 1, 0
238978, 0, 0, 0
238984, 0, 1, 0
238991, 0, 0, 0
238996, 0, 1, 0
239003, 0, 0, 0
239009, 0, 1, 0
239016, 0, 0, 0
239022, 0, 1, 0
239029, 0, 0, 0
239035, 0, 1, 0
239042, 0, 0, 0
239048, 0, 1, 0
239055, 0, 0, 0
239060, 0, 1, 0
239067, 0, 0, 0
239073, 0, 1, 0
239080, 0, 0, 0
239086, 0, 1, 0
239093, 0, 0, 0
239099, 0, 1, 0
239106, 0, 0, 0
239112, 0, 1, 0
239119, 0, 0, 0
239124, 0, 1, 0
239131, 0, 0, 0
239137, 0, 1, 0
239144, 0, 0, 0
239150, 0, 1, 0
239157, 0, 0, 0
239163, 0, 1, 0
239170, 0, 0, 0
239176, 0, 1, 0
239183, 0, 0, 0
239188, 0, 1, 0
239195, 0, 0, 0
239201, 0, 1, 0
239208, 0, 0, 0
239214, 0, 1, 0
239221, 0, 0, 0
239227, 0, 1, 0
239234, 0, 0, 0
239240, 0, 1, 0
239247, 0, 0, 0
239252, 0, 1, 0
239259, 0, 0, 0
239265, 0, 1, 0
239272, 0, 0, 0
239278, 0, 1, 0
239285, 0, 0, 0
239291, 0, 1, 0
239298, 0, 0, 0
239304, 0, 1, 0
239311, 0, 0, 0
239316, 0, 1, 0
239323, 0, 0, 0
239329, 0, 1, 0
239336, 0, 0, 0
239342, 0, 1, 0
239349, 0, 0, 0
239355, 0, 1, 0
239362, 0, 0, 0
239368, 0, 1, 0
239375, 0, 0, 0
239380, 0, 1, 0
239388, 0, 0, 0
239393, 0, 1, 0
239400, 0, 0, 0
239406, 0, 1, 0
239413, 0, 0, 0
239419, 0, 1, 0
239426, 0, 0, 0
239432, 0, 1, 0
239439, 0, 0, 0
239444, 0, 1, 0
239452, 0, 0, 0
239457, 0, 1, 0
239464, 0, 0, 0
239470, 0, 1, 0
239477, 0, 0, 0
239483, 0, 1, 1
239490, 0, 0, 1
239495, 1, 0, 0
239496, 1, 1, 0
239503, 1, 0, 0
239508, 1, 1, 0
239516, 1, 0, 0
239521, 1, 1, 0
239528, 1, 0, 0
239534, 1, 1, 0
239541, 1, 0, 0
239547, 1, 1, 0
239554, 1, 0, 0
239560, 1, 1, 0
239567, 1, 0, 0
239572, 0, 1, 0
239580, 0, 0, 0
239585, 1, 1, 0
239592, 1, 0, 0
239598, 1, 1, 0
239605, 1, 0, 0
239611, 1, 1, 0
239618, 1, 0, 0
239623, 0, 0, 0
239624, 0, 1, 0
239631, 0, 0, 0
239636, 0, 1, 0
239644, 0, 0, 0
239649, 0, 1, 0
239656, 0, 0, 0
239662, 0, 1, 0
239669, 0, 0, 0
239675, 0, 1, 0
239682, 0, 0, 0
239687, 1, 0, 0
239688, 1, 1, 0
239695, 1, 0, 0
239700, 0, 1, 0
239708, 0, 0, 0
239713, 0, 1, 0
239720, 0, 0, 0
239726, 0, 1, 0
239733, 0, 0, 0
239739, 0, 1, 0
239746, 0, 0, 0
239752, 0, 1, 0
239759, 0, 0, 0
239764, 0, 1, 0
239772, 0, 0, 0
239777, 0, 1, 0
239784, 0, 0, 0
239790, 0, 1, 0
239797, 0, 0, 0
239803, 0, 1, 0
239810, 0, 0, 0
239816, 0, 1, 0
239823, 0, 0, 0
239828, 0, 1, 0
239836, 0, 0, 0
239841, 0, 1, 0
239848, 0, 0, 0
239854, 0, 1, 0
239861, 0, 0, 0
239867, 0, 1, 0
239874, 0, 0, 0
239880, 0, 1, 0
239887, 0, 0, 0
239892, 0, 1, 0
239900, 0, 0, 0
239905, 0, 1, 0
239912, 0, 0, 0
239918, 0, 1, 0
239925, 0, 0, 0
239931, 0, 1, 0
239938, 0, 0, 0
239944, 0, 1, 0
239951, 0, 0, 0
239956, 0, 1, 0
239964, 0, 0, 0
239969, 0, 1, 0
239976, 0, 0, 0
239982, 0, 1, 0
239989, 0, 0, 0
239995, 0, 1, 0
240002, 0, 0, 0
240008, 0, 1, 0
240015, 0, 0, 0
240020, 0, 1, 0
240028, 0, 0, 0
240033, 0, 1, 0
240040, 0, 0, 0
240046, 0, 1, 0
240053, 0, 0, 0
240059, 0, 1, 0
240066, 0, 0, 0
240072, 0, 1, 0
240079, 0, 0, 0
240084, 0, 1, 0
240092, 0, 0, 0
240097, 0, 1, 0
240104, 0, 0, 0
240110, 0, 1, 0
240117, 0, 0, 0
240123, 0, 1, 0
240130, 0, 0, 0
240136, 0, 1, 0
240143, 0, 0, 0
240148, 0, 1, 0
240156, 0, 0, 0
240161, 0, 1, 0
240168, 0, 0, 0
240174, 0, 1, 0
240181, 0, 0, 0
240187, 0, 1, 0
240194, 0, 0, 0
240200, 0, 1, 0
240207, 0, 0, 0
240213, 0, 1, 0
240220, 0, 0, 0
240225, 0, 1, 0
240232, 0, 0, 0
240238, 0, 1, 0
240245, 0, 0, 0
240251, 0, 1, 0
240258, 0, 0, 0
240264, 0, 1, 0
240271, 0, 0, 0
240277, 0, 1, 0
240284, 0, 0, 0
240289, 0, 1, 0
240296, 0, 0, 0
240302, 0, 1, 0
240309, 0, 0, 0
240315, 0, 1, 0
240322, 0, 0, 0
240328, 0, 1, 0
240335, 0, 0, 0
240341, 0, 1, 0
240348, 0, 0, 0
240353, 0, 1, 0
240360, 0, 0, 0
240366, 0, 1, 0
240373, 0, 0, 0
240379, 0, 1, 0
240386, 0, 0, 0
240392, 0, 1, 0
240399, 0, 0, 0
240405, 0, 1, 0
240412, 0, 0, 0
240417, 0, 1, 0
240424, 0, 0, 0
240430, 0, 1, 0
240437, 0, 0, 0
240443, 0, 1, 0
240450, 0, 0, 0
240456, 0, 1, 0
240463, 0, 0, 0
240469, 0, 1, 0
240476, 0, 0, 0
240481, 0, 1, 0
240488, 0, 0, 0
240494, 0, 1, 0
240501, 0, 0, 0
240507, 0, 1, 0
240514, 0, 0, 0
240520, 0, 1, 0
240527, 0, 0, 0
240533, 0, 1, 0
240540, 0, 0, 0
240545, 0, 1, 0
240552, 0, 0, 0
240558, 0, 1, 0
240565, 0, 0, 0
240571, 0, 1, 0
240578, 0, 0, 0
240584, 0, 1, 0
240591, 0, 0, 0
240597, 0, 1, 0
240604, 0, 0, 0
240609, 0, 1, 0
240616, 0, 0, 0
240622, 0, 1, 0
240629, 0, 0, 0
240635, 0, 1, 0
240642, 0, 0, 0
240648, 0, 1, 0
240655, 0, 0, 0
240661, 0, 1, 0
240668, 0, 0, 0
240673, 0, 1, 0
240680, 0, 0, 0
240686, 0, 1, 0
240693, 0, 0, 0
240699, 0, 1, 0
240706, 0, 0, 0
240712, 0, 1, 0
240719, 0, 0, 0
240725, 0, 1, 0
240732, 0, 0, 0
240737, 0, 1, 0
240744, 0, 0, 0
240750, 0, 1, 0
240757, 0, 0, 0
240763, 0, 1, 0
240770, 0, 0, 0
240776, 0, 1, 0
240783, 0, 0, 0
240789, 0, 1, 0
240796, 0, 0, 0
240801, 0, 1, 0
240808, 0, 0, 0
240814, 0, 1, 0
240821, 0, 0, 0
240827, 0, 1, 0
240834, 0, 0, 0
240840, 0, 1, 0
240847, 0, 0, 0
240853, 0, 1, 0
240860, 0, 0, 0
240865, 0, 1, 0
240872, 0, 0, 0
240878, 0, 1, 0
240885, 0, 0, 0
240891, 0, 1, 0
240898, 0, 0, 0
240904, 0, 1, 0
240911, 0, 0, 0
240917, 0, 1, 0
240924, 0, 0, 0
240929, 0, 1, 0
240936, 0, 0, 0
240942, 0, 1, 0
240949, 0, 0, 0
240955, 0, 1, 0
240962, 0, 0, 0
240968, 0, 1, 0
240975, 0, 0, 0
240981, 0, 1, 0
240988, 0, 0, 0
240993, 0, 1, 0
241000, 0, 0, 0
241006, 0, 1, 0
241013, 0, 0, 0
241019, 0, 1, 0
241026, 0, 0, 0
241032, 0, 1, 0
241039, 0, 0, 0
241045, 0, 1, 0
241052, 0, 0, 0
241057, 0, 1, 0
241064, 0, 0, 0
241070, 0, 1, 0
241077, 0, 0, 0
241083, 0, 1, 0
241090, 0, 0, 0
241096, 0, 1, 0
241103, 0, 0, 0
241109, 0, 1, 0
241116, 0, 0, 0
241121, 0, 1, 1
241128, 0, 0, 1
241134, 1, 1, 0
241141, 1, 0, 0
241147, 1, 1, 0
241154, 1, 0, 0
241160, 1, 1, 0
241167, 1, 0, 0
241173, 1, 1, 0
241180, 1, 0, 0
241185, 1, 1, 0
241192, 1, 0, 0
241198, 1, 1, 0
241205, 1, 0, 0
241211, 0, 1, 0
241218, 0, 0, 0
241223, 1, 0, 0
241224, 1, 1, 0
241231, 1, 0, 0
241237, 1, 1, 0
241244, 1, 0, 0
241249, 1, 1, 0
241256, 1, 0, 0
241262, 0, 1, 0
241269, 0, 0, 0
241275, 0, 1, 0
241282, 0, 0, 0
241288, 0, 1, 0
241295, 0, 0, 0
241301, 0, 1, 0
241308, 0, 0, 0
241313, 0, 1, 0
241320, 0, 0, 0
241326, 1, 1, 0
241333, 1, 0, 0
241339, 0, 1, 0
241346, 0, 0, 0
241352, 0, 1, 0
241359, 0, 0, 0
241365, 0, 1, 0
241372, 0, 0, 0
241377, 0, 1, 0
241384, 0, 0, 0
241390, 0, 1, 0
241397, 0, 0, 0
241403, 0, 1, 0
241410, 0, 0, 0
241416, 0, 1, 0
241423, 0, 0, 0
241429, 0, 1, 0
241436, 0, 0, 0
241441, 0, 1, 0
241448, 0, 0, 0
241454, 0, 1, 0
241461, 0, 0, 0
241467, 0, 1, 0
241474, 0, 0, 0
241480, 0, 1, 0
241487, 0, 0, 0
241493, 0, 1, 0
241500, 0, 0, 0
241505, 0, 1, 0
241512, 0, 0, 0
241518, 0, 1, 0
241525, 0, 0, 0
241531, 0, 1, 0
241538, 0, 0, 0
241544, 0, 1, 0
241551, 0, 0, 0
241557, 0, 1, 0
241564, 0, 0, 0
241569, 0, 1, 0
241576, 0, 0, 0
241582, 0, 1, 0
241589, 0, 0, 0
241595, 0, 1, 0
241602, 0, 0, 0
241608, 0, 1, 0
241615, 0, 0, 0
241621, 0, 1, 0
241628, 0, 0, 0
241633, 0, 1, 0
241640, 0, 0, 0
241646, 0, 1, 0
241653, 0, 0, 0
241659, 0, 1, 0
241666, 0, 0, 0
241672, 0, 1, 0
241679, 0, 0, 0
241685, 0, 1, 0
241692, 0, 0, 0
241697, 0, 1, 0
241704, 0, 0, 0
241710, 0, 1, 0
241717, 0, 0, 0
241723, 0, 1, 0
241730, 0, 0, 0
241736, 0, 1, 0
241743, 0, 0, 0
241749, 0, 1, 0
241756, 0, 0, 0
241761, 0, 1, 0
241768, 0, 0, 0
241774, 0, 1, 0
241781, 0, 0, 0
241787, 0, 1, 0
241794, 0, 0, 0
241800, 0, 1, 0
241807, 0, 0, 0
241813, 0, 1, 0
241820, 0, 0, 0
241825, 0, 1, 0
241832, 0, 0, 0
241838, 0, 1, 0
241845, 0, 0, 0
241851, 0, 1, 0
241858, 0, 0, 0
241864, 0, 1, 0
241871, 0, 0, 0
241877, 0, 1, 0
241884, 0, 0, 0
241889, 0, 1, 0
241896, 0, 0, 0
241902, 0, 1, 0
241909, 0, 0, 0
241915, 0, 1, 0
241922, 0, 0, 0
241928, 0, 1, 0
241935, 0, 0, 0
241941, 0, 1, 0
241948, 0, 0, 0
241953, 0, 1, 0
241960, 0, 0, 0
241966, 0, 1, 0
241973, 0, 0, 0
241979, 0, 1, 0
241986, 0, 0, 0
241992, 0, 1, 0
241999, 0, 0, 0
242005, 0, 1, 0
242012, 0, 0, 0
242017, 0, 1, 0
242024, 0, 0, 0
242030, 0, 1, 0
242037, 0, 0, 0
242043, 0, 1, 0
242050, 0, 0, 0
242056, 0, 1, 0
242063, 0, 0, 0
242069, 0, 1, 0
242076, 0, 0, 0
242081, 0, 1, 0
242088, 0, 0, 0
242094, 0, 1, 0
242101, 0, 0, 0
242107, 0, 1, 0
242114, 0, 0, 0
242120, 0, 1, 0
242127, 0, 0, 0
242133, 0, 1, 0
242140, 0, 0, 0
242145, 0, 1, 0
242152, 0, 0, 0
242158, 0, 1, 0
242165, 0, 0, 0
242171, 0, 1, 0
242178, 0, 0, 0
242184, 0, 1, 0
242191, 0, 0, 0
242197, 0, 1, 0
242204, 0, 0, 0
242209, 0, 1, 0
242216, 0, 0, 0
242222, 0, 1, 0
242229, 0, 0, 0
242235, 0, 1, 0
242242, 0, 0, 0
242248, 0, 1, 0
242255, 0, 0, 0
242261, 0, 1, 0
242268, 0, 0, 0
242273, 0, 1, 0
242280, 0, 0, 0
242286, 0, 1, 0
242293, 0, 0, 0
242299, 0, 1, 0
242306, 0, 0, 0
242312, 0, 1, 0
242319, 0, 0, 0
242325, 0, 1, 0
242332, 0, 0, 0
242337, 0, 1, 0
242344, 0, 0, 0
242350, 0, 1, 0
242357, 0, 0, 0
242363, 0, 1, 0
242370, 0, 0, 0
242376, 0, 1, 0
242383, 0, 0, 0
242389, 0, 1, 0
242396, 0, 0, 0
242401, 0, 1, 0
242408, 0, 0, 0
242414, 0, 1, 0
242421, 0, 0, 0
242427, 0, 1, 0
242434, 0, 0, 0
242440, 0, 1, 0
242447, 0, 0, 0
242453, 0, 1, 0
242460, 0, 0, 0
242465, 0, 1, 0
242472, 0, 0, 0
242478, 0, 1, 0
242485, 0, 0, 0
242491, 0, 1, 0
242498, 0, 0, 0
242504, 0, 1, 0
242511, 0, 0, 0
242517, 0, 1, 0
242524, 0, 0, 0
242529, 0, 1, 0
242536, 0, 0, 0
242542, 0, 1, 0
242549, 0, 0, 0
242555, 0, 1, 0
242562, 0, 0, 0
242568, 0, 1, 0
242575, 0, 0, 0
242581, 0, 1, 0
242588, 0, 0, 0
242593, 0, 1, 0
242600, 0, 0, 0
242606, 0, 1, 0
242613, 0, 0, 0
242619, 0, 1, 0
242626, 0, 0, 0
242632, 0, 1, 0
242639, 0, 0, 0
242645, 0, 1, 0
242652, 0, 0, 0
242657, 0, 1, 0
242664, 0, 0, 0
242670, 0, 1, 0
242677, 0, 0, 0
242683, 0, 1, 0
242690, 0, 0, 0
242696, 0, 1, 0
242703, 0, 0, 0
242709, 0, 1, 0
242716, 0, 0, 0
242721, 0, 1, 0
242728, 0, 0, 0
242734, 0, 1, 0
242741, 0, 0, 0
242747, 0, 1, 0
242754, 0, 0, 0
242760, 0, 1, 1
242767, 0, 0, 1
242772, 1, 0, 0
242773, 1, 1, 0
242780, 1, 0, 0
242785, 1, 1, 0
242792, 1, 0, 0
242798, 1, 1, 0
242805, 1, 0, 0
242811, 1, 1, 0
242818, 1, 0, 0
242824, 1, 1, 0
242831, 1, 0, 0
242837, 1, 1, 0
242844, 1, 0, 0
242849, 0, 1, 0
242856, 0, 0, 0
242862, 1, 1, 0
242869, 1, 0, 0
242875, 1, 1, 0
242882, 1, 0, 0
242888, 1, 1, 0
242895, 1, 0, 0
242900, 0, 0, 0
242901, 0, 1, 0
242908, 0, 0, 0
242913, 0, 1, 0
242920, 0, 0, 0
242926, 0, 1, 0
242933, 0, 0, 0
242939, 0, 1, 0
242946, 0, 0, 0
242952, 0, 1, 0
242959, 0, 0, 0
242964, 1, 0, 0
242965, 1, 1, 0
242972, 1, 0, 0
242977, 0, 1, 0
242984, 0, 0, 0
242990, 0, 1, 0
242997, 0, 0, 0
243003, 0, 1, 0
243010, 0, 0, 0
243016, 0, 1, 0
243023, 0, 0, 0
243029, 0, 1, 0
243036, 0, 0, 0
243041, 0, 1, 0
243048, 0, 0, 0
243054, 0, 1, 0
243061, 0, 0, 0
243067, 0, 1, 0
243074, 0, 0, 0
243080, 0, 1, 0
243087, 0, 0, 0
243093, 0, 1, 0
243100, 0, 0, 0
243105, 0, 1, 0
243112, 0, 0, 0
243118, 0, 1, 0
243125, 0, 0, 0
243131, 0, 1, 0
243138, 0, 0, 0
243144, 0, 1, 0
243151, 0, 0, 0
243157, 0, 1, 0
243164, 0, 0, 0
243169, 0, 1, 0
243176, 0, 0, 0
243182, 0, 1, 0
243189, 0, 0, 0
243195, 0, 1, 0
243202, 0, 0, 0
243208, 0, 1, 0
243215, 0, 0, 0
243221, 0, 1, 0
243228, 0, 0, 0
243233, 0, 1, 0
243240, 0, 0, 0
243246, 0, 1, 0
243253, 0, 0, 0
243259, 0, 1, 0
243266, 0, 0, 0
243272, 0, 1, 0
243279, 0, 0, 0
243285, 0, 1, 0
243292, 0, 0, 0
243297, 0, 1, 0
243304, 0, 0, 0
243310, 0, 1, 0
243317, 0, 0, 0
243323, 0, 1, 0
243330, 0, 0, 0
243336, 0, 1, 0
243343, 0, 0, 0
243349, 0, 1, 0
243356, 0, 0, 0
243361, 0, 1, 0
243368, 0, 0, 0
243374, 0, 1, 0
243381, 0, 0, 0
243387, 0, 1, 0
243394, 0, 0, 0
243400, 0, 1, 0
243407, 0, 0, 0
243413, 0, 1, 0
243420, 0, 0, 0
243425, 0, 1, 0
243432, 0, 0, 0
243438, 0, 1, 0
243445, 0, 0, 0
243451, 0, 1, 0
243458, 0, 0, 0
243464, 0, 1, 0
243471, 0, 0, 0
243477, 0, 1, 0
243484, 0, 0, 0
243489, 0, 1, 0
243496, 0, 0, 0
243502, 0, 1, 0
243509, 0, 0, 0
243515, 0, 1, 0
243522, 0, 0, 0
243528, 0, 1, 0
243535, 0, 0, 0
243541, 0, 1, 0
243548, 0, 0, 0
243553, 0, 1, 0
243560, 0, 0, 0
243566, 0, 1, 0
243573, 0, 0, 0
243579, 0, 1, 0
243586, 0, 0, 0
243592, 0, 1, 0
243599, 0, 0, 0
243605, 0, 1, 0
243612, 0, 0, 0
243617, 0, 1, 0
243624, 0, 0, 0
243630, 0, 1, 0
243637, 0, 0, 0
243643, 0, 1, 0
243650, 0, 0, 0
243656, 0, 1, 0
243663, 0, 0, 0
243669, 0, 1, 0
243676, 0, 0, 0
243681, 0, 1, 0
243688, 0, 0, 0
243694, 0, 1, 0
243701, 0, 0, 0
243707, 0, 1, 0
243714, 0, 0, 0
243720, 0, 1, 0
243727, 0, 0, 0
243733, 0, 1, 0
243740, 0, 0, 0
243745, 0, 1, 0
243752, 0, 0, 0
243758, 0, 1, 0
243765, 0, 0, 0
243771, 0, 1, 0
243778, 0, 0, 0
243784, 0, 1, 0
243791, 0, 0, 0
243797, 0, 1, 0
243804, 0, 0, 0
243809, 0, 1, 0
243816, 0, 0, 0
243822, 0, 1, 0
243829, 0, 0, 0
243835, 0, 1, 0
243842, 0, 0, 0
243848, 0, 1, 0
243855, 0, 0, 0
243861, 0, 1, 0
243868, 0, 0, 0
243873, 0, 1, 0
243880, 0, 0, 0
243886, 0, 1, 0
243893, 0, 0, 0
243899, 0, 1, 0
243906, 0, 0, 0
243912, 0, 1, 0
243919, 0, 0, 0
243925, 0, 1, 0
243932, 0, 0, 0
243937, 0, 1, 0
243944, 0, 0, 0
243950, 0, 1, 0
243957, 0, 0, 0
243963, 0, 1, 0
243970, 0, 0, 0
243976, 0, 1, 0
243983, 0, 0, 0
243989, 0, 1, 0
243996, 0, 0, 0
244001, 0, 1, 0
244008, 0, 0, 0
244014, 0, 1, 0
244021, 0, 0, 0
244027, 0, 1, 0
244034, 0, 0, 0
244040, 0, 1, 0
244047, 0, 0, 0
244053, 0, 1, 0
244060, 0, 0, 0
244065, 0, 1, 0
244072, 0, 0, 0
244078, 0, 1, 0
244085, 0, 0, 0
244091, 0, 1, 0
244098, 0, 0, 0
244104, 0, 1, 0
244111, 0, 0, 0
244117, 0, 1, 0
244124, 0, 0, 0
244129, 0, 1, 0
244136, 0, 0, 0
244142, 0, 1, 0
244149, 0, 0, 0
244155, 0, 1, 0
244162, 0, 0, 0
244168, 0, 1, 0
244175, 0, 0, 0
244181, 0, 1, 0
244188, 0, 0, 0
244193, 0, 1, 0
244200, 0, 0, 0
244206, 0, 1, 0
244213, 0, 0, 0
244219, 0, 1, 0
244226, 0, 0, 0
244232, 0, 1, 0
244239, 0, 0, 0
244245, 0, 1, 0
244252, 0, 0, 0
244257, 0, 1, 0
244265, 0, 0, 0
244270, 0, 1, 0
244277, 0, 0, 0
244283, 0, 1, 0
244290, 0, 0, 0
244296, 0, 1, 0
244303, 0, 0, 0
244309, 0, 1, 0
244316, 0, 0, 0
244321, 0, 1, 0
244329, 0, 0, 0
244334, 0, 1, 0
244341, 0, 0, 0
244347, 0, 1, 0
244354, 0, 0, 0
244360, 0, 1, 0
244367, 0, 0, 0
244373, 0, 1, 0
244380, 0, 0, 0
244385, 0, 1, 0
244393, 0, 0, 0
244398, 0, 1, 1
244405, 0, 0, 1
244411, 1, 1, 0
244418, 1, 0, 0
244424, 1, 1, 0
244431, 1, 0, 0
244437, 1, 1, 0
244444, 1, 0, 0
244449, 1, 1, 0
244457, 1, 0, 0
244462, 1, 1, 0
244469, 1, 0, 0
244475, 1, 1, 0
244482, 1, 0, 0
244487, 0, 0, 0
244488, 0, 1, 0
244495, 0, 0, 0
244500, 1, 0, 0
244501, 1, 1, 0
244508, 1, 0, 0
244513, 1, 1, 0
244521, 1, 0, 0
244526, 1, 1, 0
244533, 1, 0, 0
244539, 0, 1, 0
244546, 0, 0, 0
244552, 0, 1, 0
244559, 0, 0, 0
244565, 0, 1, 0
244572, 0, 0, 0
244577, 0, 1, 0
244585, 0, 0, 0
244590, 0, 1, 0
244597, 0, 0, 0
244603, 1, 1, 0
244610, 1, 0, 0
244615, 0, 0, 0
244616, 0, 1, 0
244623, 0, 0, 0
244629, 0, 1, 0
244636, 0, 0, 0
244641, 0, 1, 0
244649, 0, 0, 0
244654, 0, 1, 0
244661, 0, 0, 0
244667, 0, 1, 0
244674, 0, 0, 0
244680, 0, 1, 0
244687, 0, 0, 0
244693, 0, 1, 0
244700, 0, 0, 0
244705, 0, 1, 0
244713, 0, 0, 0
244718, 0, 1, 0
244725, 0, 0, 0
244731, 0, 1, 0
244738, 0, 0, 0
244744, 0, 1, 0
244751, 0, 0, 0
244757, 0, 1, 0
244764, 0, 0, 0
244769, 0, 1, 0
244777, 0, 0, 0
244782, 0, 1, 0
244789, 0, 0, 0
244795, 0, 1, 0
244802, 0, 0, 0
244808, 0, 1, 0
244815, 0, 0, 0
244821, 0, 1, 0
244828, 0, 0, 0
244833, 0, 1, 0
244841, 0, 0, 0
244846, 0, 1, 0
244853, 0, 0, 0
244859, 0, 1, 0
244866, 0, 0, 0
244872, 0, 1, 0
244879, 0, 0, 0
244885, 0, 1, 0
244892, 0, 0, 0
244897, 0, 1, 0
244905, 0, 0, 0
244910, 0, 1, 0
244917, 0, 0, 0
244923, 0, 1, 0
244930, 0, 0, 0
244936, 0, 1, 0
244943, 0, 0, 0
244949, 0, 1, 0
244956, 0, 0, 0
244961, 0, 1, 0
244969, 0, 0, 0
244974, 0, 1, 0
244981, 0, 0, 0
244987, 0, 1, 0
244994, 0, 0, 0
245000, 0, 1, 0
245007, 0, 0, 0
245013, 0, 1, 0
245020, 0, 0, 0
245025, 0, 1, 0
245033, 0, 0, 0
245038, 0, 1, 0
245045, 0, 0, 0
245051, 0, 1, 0
245058, 0, 0, 0
245064, 0, 1, 0
245071, 0, 0, 0
245077, 0, 1, 0
245084, 0, 0, 0
245090, 0, 1, 0
245097, 0, 0, 0
245102, 0, 1, 0
245109, 0, 0, 0
245115, 0, 1, 0
245122, 0, 0, 0
245128, 0, 1, 0
245135, 0, 0, 0
245141, 0, 1, 0
245148, 0, 0, 0
245154, 0, 1, 0
245161, 0, 0, 0
245166, 0, 1, 0
245173, 0, 0, 0
245179, 0, 1, 0
245186, 0, 0, 0
245192, 0, 1, 0
245199, 0, 0, 0
245205, 0, 1, 0
245212, 0, 0, 0
245218, 0, 1, 0
245225, 0, 0, 0
245230, 0, 1, 0
245237, 0, 0, 0
245243, 0, 1, 0
245250, 0, 0, 0
245256, 0, 1, 0
245263, 0, 0, 0
245269, 0, 1, 0
245276, 0, 0, 0
245282, 0, 1, 0
245289, 0, 0, 0
245294, 0, 1, 0
245301, 0, 0, 0
245307, 0, 1, 0
245314, 0, 0, 0
245320, 0, 1, 0
245327, 0, 0, 0
245333, 0, 1, 0
245340, 0, 0, 0
245346, 0, 1, 0
245353, 0, 0, 0
245358, 0, 1, 0
245365, 0, 0, 0
245371, 0, 1, 0
245378, 0, 0, 0
245384, 0, 1, 0
245391, 0, 0, 0
245397, 0, 1, 0
245404, 0, 0, 0
245410, 0, 1, 0
245417, 0, 0, 0
245422, 0, 1, 0
245429, 0, 0, 0
245435, 0, 1, 0
245442, 0, 0, 0
245448, 0, 1, 0
245455, 0, 0, 0
245461, 0, 1, 0
245468, 0, 0, 0
245474, 0, 1, 0
245481, 0, 0, 0
245486, 0, 1, 0
245493, 0, 0, 0
245499, 0, 1, 0
245506, 0, 0, 0
245512, 0, 1, 0
245519, 0, 0, 0
245525, 0, 1, 0
245532, 0, 0, 0
245538, 0, 1, 0
245545, 0, 0, 0
245550, 0, 1, 0
245557, 0, 0, 0
245563, 0, 1, 0
245570, 0, 0, 0
245576, 0, 1, 0
245583, 0, 0, 0
245589, 0, 1, 0
245596, 0, 0, 0
245602, 0, 1, 0
245609, 0, 0, 0
245614, 0, 1, 0
245621, 0, 0, 0
245627, 0, 1, 0
245634, 0, 0, 0
245640, 0, 1, 0
245647, 0, 0, 0
245653, 0, 1, 0
245660, 0, 0, 0
245666, 0, 1, 0
245673, 0, 0, 0
245678, 0, 1, 0
245685, 0, 0, 0
245691, 0, 1, 0
245698, 0, 0, 0
245704, 0, 1, 0
245711, 0, 0, 0
245717, 0, 1, 0
245724, 0, 0, 0
245730, 0, 1, 0
245737, 0, 0, 0
245742, 0, 1, 0
245749, 0, 0, 0
245755, 0, 1, 0
245762, 0, 0, 0
245768, 0, 1, 0
245775, 0, 0, 0
245781, 0, 1, 0
245788, 0, 0, 0
245794, 0, 1, 0
245801, 0, 0, 0
245806, 0, 1, 0
245813, 0, 0, 0
245819, 0, 1, 0
245826, 0, 0, 0
245832, 0, 1, 0
245839, 0, 0, 0
245845, 0, 1, 0
245852, 0, 0, 0
245858, 0, 1, 0
245865, 0, 0, 0
245870, 0, 1, 0
245877, 0, 0, 0
245883, 0, 1, 0
245890, 0, 0, 0
245896, 0, 1, 0
245903, 0, 0, 0
245909, 0, 1, 0
245916, 0, 0, 0
245922, 0, 1, 0
245929, 0, 0, 0
245934, 0, 1, 0
245941, 0, 0, 0
245947, 0, 1, 0
245954, 0, 0, 0
245960, 0, 1, 0
245967, 0, 0, 0
245973, 0, 1, 0
245980, 0, 0, 0
245986, 0, 1, 0
245993, 0, 0, 0
245998, 0, 1, 0
246005, 0, 0, 0
246011, 0, 1, 0
246018, 0, 0, 0
246024, 0, 1, 0
246031, 0, 0, 0
246036, 0, 0, 1
246037, 0, 1, 1
246044, 0, 0, 1
246049, 1, 0, 0
246050, 1, 1, 0
246057, 1, 0, 0
246062, 1, 1, 0
246069, 1, 0, 0
246075, 1, 1, 0
246082, 1, 0, 0
246088, 1, 1, 0
246095, 1, 0, 0
246101, 1, 1, 0
246108, 1, 0, 0
246114, 1, 1, 0
246121, 1, 0, 0
246126, 0, 1, 0
246133, 0, 0, 0
246139, 1, 1, 0
246146, 1, 0, 0
246152, 1, 1, 0
246159, 1, 0, 0
246165, 1, 1, 0
246172, 1, 0, 0
246177, 0, 0, 0
246178, 0, 1, 0
246185, 0, 0, 0
246190, 0, 1, 0
246197, 0, 0, 0
246203, 0, 1, 0
246210, 0, 0, 0
246216, 0, 1, 0
246223, 0, 0, 0
246229, 0, 1, 0
246236, 0, 0, 0
246241, 1, 0, 0
246242, 1, 1, 0
246249, 1, 0, 0
246254, 0, 1, 0
246261, 0, 0, 0
246267, 0, 1, 0
246274, 0, 0, 0
246280, 0, 1, 0
246287, 0, 0, 0
246293, 0, 1, 0
246300, 0, 0, 0
246306, 0, 1, 0
246313, 0, 0, 0
246318, 0, 1, 0
246325, 0, 0, 0
246331, 0, 1, 0
246338, 0, 0, 0
246344, 0, 1, 0
246351, 0, 0, 0
246357, 0, 1, 0
246364, 0, 0, 0
246370, 0, 1, 0
246377, 0, 0, 0
246382, 0, 1, 0
246389, 0, 0, 0
246395, 0, 1, 0
246402, 0, 0, 0
246408, 0, 1, 0
246415, 0, 0, 0
246421, 0, 1, 0
246428, 0, 0, 0
246434, 0, 1, 0
246441, 0, 0, 0
246446, 0, 1, 0
246453, 0, 0, 0
246459, 0, 1, 0
246466, 0, 0, 0
246472, 0, 1, 0
246479, 0, 0, 0
246485, 0, 1, 0
246492, 0, 0, 0
246498, 0, 1, 0
246505, 0, 0, 0
246510, 0, 1, 0
246517, 0, 0, 0
246523, 0, 1, 0
246530, 0, 0, 0
246536, 0, 1, 0
246543, 0, 0, 0
246549, 0, 1, 0
246556, 0, 0, 0
246562, 0, 1, 0
246569, 0, 0, 0
246574, 0, 1, 0
246581, 0, 0, 0
246587, 0, 1, 0
246594, 0, 0, 0
246600, 0, 1, 0
246607, 0, 0, 0
246613, 0, 1, 0
246620, 0, 0, 0
246626, 0, 1, 0
246633, 0, 0, 0
246638, 0, 1, 0
246645, 0, 0, 0
246651, 0, 1, 0
246658, 0, 0, 0
246664, 0, 1, 0
246671, 0, 0, 0
246677, 0, 1, 0
246684, 0, 0, 0
246690, 0, 1, 0
246697, 0, 0, 0
246702, 0, 1, 0
246709, 0, 0, 0
246715, 0, 1, 0
246722, 0, 0, 0
246728, 0, 1, 0
246735, 0, 0, 0
246741, 0, 1, 0
246748, 0, 0, 0
246754, 0, 1, 0
246761, 0, 0, 0
246766, 0, 1, 0
246773, 0, 0, 0
246779, 0, 1, 0
246786, 0, 0, 0
246792, 0, 1, 0
246799, 0, 0, 0
246805, 0, 1, 0
246812, 0, 0, 0
246818, 0, 1, 0
246825, 0, 0, 0
246830, 0, 1, 0
246837, 0, 0, 0
246843, 0, 1, 0
246850, 0, 0, 0
246856, 0, 1, 0
246863, 0, 0, 0
246869, 0, 1, 0
246876, 0, 0, 0
246882, 0, 1, 0
246889, 0, 0, 0
246894, 0, 1, 0
246901, 0, 0, 0
246907, 0, 1, 0
246914, 0, 0, 0
246920, 0, 1, 0
246927, 0, 0, 0
246933, 0, 1, 0
246940, 0, 0, 0
246946, 0, 1, 0
246953, 0, 0, 0
246958, 0, 1, 0
246965, 0, 0, 0
246971, 0, 1, 0
246978, 0, 0, 0
246984, 0, 1, 0
246991, 0, 0, 0
246997, 0, 1, 0
247004, 0, 0, 0
247010, 0, 1, 0
247017, 0, 0, 0
247022, 0, 1, 0
247029, 0, 0, 0
247035, 0, 1, 0
247042, 0, 0, 0
247048, 0, 1, 0
247055, 0, 0, 0
247061, 0, 1, 0
247068, 0, 0, 0
247074, 0, 1, 0
247081, 0, 0, 0
247086, 0, 1, 0
247093, 0, 0, 0
247099, 0, 1, 0
247106, 0, 0, 0
247112, 0, 1, 0
247119, 0, 0, 0
247125, 0, 1, 0
247132, 0, 0, 0
247138, 0, 1, 0
247145, 0, 0, 0
247150, 0, 1, 0
247157, 0, 0, 0
247163, 0, 1, 0
247170, 0, 0, 0
247176, 0, 1, 0
247183, 0, 0, 0
247189, 0, 1, 0
247196, 0, 0, 0
247202, 0, 1, 0
247209, 0, 0, 0
247214, 0, 1, 0
247221, 0, 0, 0
247227, 0, 1, 0
247234, 0, 0, 0
247240, 0, 1, 0
247247, 0, 0, 0
247253, 0, 1, 0
247260, 0, 0, 0
247266, 0, 1, 0
247273, 0, 0, 0
247278, 0, 1, 0
247285, 0, 0, 0
247291, 0, 1, 0
247298, 0, 0, 0
247304, 0, 1, 0
247311, 0, 0, 0
247317, 0, 1, 0
247324, 0, 0, 0
247330, 0, 1, 0
247337, 0, 0, 0
247342, 0, 1, 0
247349, 0, 0, 0
247355, 0, 1, 0
247362, 0, 0, 0
247368, 0, 1, 0
247375, 0, 0, 0
247381, 0, 1, 0
247388, 0, 0, 0
247394, 0, 1, 0
247401, 0, 0, 0
247406, 0, 1, 0
247413, 0, 0, 0
247419, 0, 1, 0
247426, 0, 0, 0
247432, 0, 1, 0
247439, 0, 0, 0
247445, 0, 1, 0
247452, 0, 0, 0
247458, 0, 1, 0
247465, 0, 0, 0
247470, 0, 1, 0
247477, 0, 0, 0
247483, 0, 1, 0
247490, 0, 0, 0
247496, 0, 1, 0
247503, 0, 0, 0
247509, 0, 1, 0
247516, 0, 0, 0
247522, 0, 1, 0
247529, 0, 0, 0
247534, 0, 1, 0
247541, 0, 0, 0
247547, 0, 1, 0
247554, 0, 0, 0
247560, 0, 1, 0
247567, 0, 0, 0
247573, 0, 1, 0
247580, 0, 0, 0
247586, 0, 1, 0
247593, 0, 0, 0
247598, 0, 1, 0
247605, 0, 0, 0
247611, 0, 1, 0
247618, 0, 0, 0
247624, 0, 1, 0
247631, 0, 0, 0
247637, 0, 1, 0
247644, 0, 0, 0
247650, 0, 1, 0
247657, 0, 0, 0
247662, 0, 1, 0
247669, 0, 0, 0
247675, 0, 1, 1
247682, 0, 0, 1
247688, 1, 1, 0
247695, 1, 0, 0
247701, 1, 1, 0
247708, 1, 0, 0
247714, 1, 1, 0
247721, 1, 0, 0
247726, 1, 1, 0
247733, 1, 0, 0
247739, 1, 1, 0
247746, 1, 0, 0
247752, 1, 1, 0
247759, 1, 0, 0
247764, 0, 0, 0
247765, 0, 1, 0
247772, 0, 0, 0
247777, 1, 0, 0
247778, 1, 1, 0
247785, 1, 0, 0
247790, 1, 1, 0
247797, 1, 0, 0
247803, 1, 1, 0
247810, 1, 0, 0
247816, 0, 1, 0
247823, 0, 0, 0
247829, 0, 1, 0
247836, 0, 0, 0
247842, 0, 1, 0
247849, 0, 0, 0
247854, 0, 1, 0
247861, 0, 0, 0
247867, 0, 1, 0
247874, 0, 0, 0
247880, 1, 1, 0
247887, 1, 0, 0
247892, 0, 0, 0
247893, 0, 1, 0
247900, 0, 0, 0
247906, 0, 1, 0
247913, 0, 0, 0
247918, 0, 1, 0
247925, 0, 0, 0
247931, 0, 1, 0
247938, 0, 0, 0
247944, 0, 1, 0
247951, 0, 0, 0
247957, 0, 1, 0
247964, 0, 0, 0
247970, 0, 1, 0
247977, 0, 0, 0
247982, 0, 1, 0
247989, 0, 0, 0
247995, 0, 1, 0
248002, 0, 0, 0
248008, 0, 1, 0
248015, 0, 0, 0
248021, 0, 1, 0
248028, 0, 0, 0
248034, 0, 1, 0
248041, 0, 0, 0
248046, 0, 1, 0
248053, 0, 0, 0
248059, 0, 1, 0
248066, 0, 0, 0
248072, 0, 1, 0
248079, 0, 0, 0
248085, 0, 1, 0
248092, 0, 0, 0
248098, 0, 1, 0
248105, 0, 0, 0
248110, 0, 1, 0
248117, 0, 0, 0
248123, 0, 1, 0
248130, 0, 0, 0
248136, 0, 1, 0
248143, 0, 0, 0
248149, 0, 1, 0
248156, 0, 0, 0
248162, 0, 1, 0
248169, 0, 0, 0
248174, 0, 1, 0
248181, 0, 0, 0
248187, 0, 1, 0
248194, 0, 0, 0
248200, 0, 1, 0
248207, 0, 0, 0
248213, 0, 1, 0
248220, 0, 0, 0
248226, 0, 1, 0
248233, 0, 0, 0
248238, 0, 1, 0
248245, 0, 0, 0
248251, 0, 1, 0
248258, 0, 0, 0
248264, 0, 1, 0
248271, 0, 0, 0
248277, 0, 1, 0
248284, 0, 0, 0
248290, 0, 1, 0
248297, 0, 0, 0
248302, 0, 1, 0
248309, 0, 0, 0
248315, 0, 1, 0
248322, 0, 0, 0
248328, 0, 1, 0
248335, 0, 0, 0
248341, 0, 1, 0
248348, 0, 0, 0
248354, 0, 1, 0
248361, 0, 0, 0
248366, 0, 1, 0
248373, 0, 0, 0
248379, 0, 1, 0
248386, 0, 0, 0
248392, 0, 1, 0
248399, 0, 0, 0
248405, 0, 1, 0
248412, 0, 0, 0
248418, 0, 1, 0
248425, 0, 0, 0
248430, 0, 1, 0
248437, 0, 0, 0
248443, 0, 1, 0
248450, 0, 0, 0
248456, 0, 1, 0
248463, 0, 0, 0
248469, 0, 1, 0
248476, 0, 0, 0
248482, 0, 1, 0
248489, 0, 0, 0
248494, 0, 1, 0
248501, 0, 0, 0
248507, 0, 1, 0
248514, 0, 0, 0
248520, 0, 1, 0
248527, 0, 0, 0
248533, 0, 1, 0
248540, 0, 0, 0
248546, 0, 1, 0
248553, 0, 0, 0
248558, 0, 1, 0
248565, 0, 0, 0
248571, 0, 1, 0
248578, 0, 0, 0
248584, 0, 1, 0
248591, 0, 0, 0
248597, 0, 1, 0
248604, 0, 0, 0
248610, 0, 1, 0
248617, 0, 0, 0
248622, 0, 1, 0
248629, 0, 0, 0
248635, 0, 1, 0
248642, 0, 0, 0
248648, 0, 1, 0
248655, 0, 0, 0
248661, 0, 1, 0
248668, 0, 0, 0
248674, 0, 1, 0
248681, 0, 0, 0
248686, 0, 1, 0
248693, 0, 0, 0
248699, 0, 1, 0
248706, 0, 0, 0
248712, 0, 1, 0
248719, 0, 0, 0
248725, 0, 1, 0
248732, 0, 0, 0
248738, 0, 1, 0
248745, 0, 0, 0
248750, 0, 1, 0
248757, 0, 0, 0
248763, 0, 1, 0
248770, 0, 0, 0
248776, 0, 1, 0
248783, 0, 0, 0
248789, 0, 1, 0
248796, 0, 0, 0
248802, 0, 1, 0
248809, 0, 0, 0
248814, 0, 1, 0
248821, 0, 0, 0
248827, 0, 1, 0
248834, 0, 0, 0
248840, 0, 1, 0
248847, 0, 0, 0
248853, 0, 1, 0
248860, 0, 0, 0
248866, 0, 1, 0
248873, 0, 0, 0
248878, 0, 1, 0
248885, 0, 0, 0
248891, 0, 1, 0
248898, 0, 0, 0
248904, 0, 1, 0
248911, 0, 0, 0
248917, 0, 1, 0
248924, 0, 0, 0
248930, 0, 1, 0
248937, 0, 0, 0
248942, 0, 1, 0
248949, 0, 0, 0
248955, 0, 1, 0
248962, 0, 0, 0
248968, 0, 1, 0
248975, 0, 0, 0
248981, 0, 1, 0
248988, 0, 0, 0
248994, 0, 1, 0
249001, 0, 0, 0
249006, 0, 1, 0
249013, 0, 0, 0
249019, 0, 1, 0
249026, 0, 0, 0
249032, 0, 1, 0
249039, 0, 0, 0
249045, 0, 1, 0
249052, 0, 0, 0
249058, 0, 1, 0
249065, 0, 0, 0
249070, 0, 1, 0
249077, 0, 0, 0
249083, 0, 1, 0
249090, 0, 0, 0
249096, 0, 1, 0
249103, 0, 0, 0
249109, 0, 1, 0
249116, 0, 0, 0
249122, 0, 1, 0
249129, 0, 0, 0
249134, 0, 1, 0
249141, 0, 0, 0
249147, 0, 1, 0
249154, 0, 0, 0
249160, 0, 1, 0
249167, 0, 0, 0
249173, 0, 1, 0
249180, 0, 0, 0
249186, 0, 1, 0
249193, 0, 0, 0
249198, 0, 1, 0
249206, 0, 0, 0
249211, 0, 1, 0
249218, 0, 0, 0
249224, 0, 1, 0
249231, 0, 0, 0
249237, 0, 1, 0
249244, 0, 0, 0
249250, 0, 1, 0
249257, 0, 0, 0
249262, 0, 1, 0
249270, 0, 0, 0
249275, 0, 1, 0
249282, 0, 0, 0
249288, 0, 1, 0
249295, 0, 0, 0
249301, 0, 1, 0
249308, 0, 0, 0
249313, 0, 0, 1
249314, 0, 1, 1
249321, 0, 0, 1
249326, 1, 1, 0
249334, 1, 0, 0
249339, 1, 1, 0
249346, 1, 0, 0
249352, 1, 1, 0
249359, 1, 0, 0
249365, 1, 1, 0
249372, 1, 0, 0
249378, 1, 1, 0
249385, 1, 0, 0
249390, 1, 1, 0
249398, 1, 0, 0
249403, 0, 1, 0
249410, 0, 0, 0
249416, 1, 1, 0
249423, 1, 0, 0
249429, 1, 1, 0
249436, 1, 0, 0
249442, 1, 1, 0
249449, 1, 0, 0
249454, 0, 1, 0
249462, 0, 0, 0
249467, 0, 1, 0
249474, 0, 0, 0
249480, 0, 1, 0
249487, 0, 0, 0
249493, 0, 1, 0
249500, 0, 0, 0
249506, 0, 1, 0
249513, 0, 0, 0
249518, 1, 1, 0
249526, 1, 0, 0
249531, 0, 1, 0
249538, 0, 0, 0
249544, 0, 1, 0
249551, 0, 0, 0
249557, 0, 1, 0
249564, 0, 0, 0
249570, 0, 1, 0
249577, 0, 0, 0
249582, 0, 1, 0
249590, 0, 0, 0
249595, 0, 1, 0
249602, 0, 0, 0
249608, 0, 1, 0
249615, 0, 0, 0
249621, 0, 1, 0
249628, 0, 0, 0
249634, 0, 1, 0
249641, 0, 0, 0
249646, 0, 1, 0
249654, 0, 0, 0
249659, 0, 1, 0
249666, 0, 0, 0
249672, 0, 1, 0
249679, 0, 0, 0
249685, 0, 1, 0
249692, 0, 0, 0
249698, 0, 1, 0
249705, 0, 0, 0
249710, 0, 1, 0
249718, 0, 0, 0
249723, 0, 1, 0
249730, 0, 0, 0
249736, 0, 1, 0
249743, 0, 0, 0
249749, 0, 1, 0
249756, 0, 0, 0
249762, 0, 1, 0
249769, 0, 0, 0
249774, 0, 1, 0
249782, 0, 0, 0
249787, 0, 1, 0
249794, 0, 0, 0
249800, 0, 1, 0
249807, 0, 0, 0
249813, 0, 1, 0
249820, 0, 0, 0
249826, 0, 1, 0
249833, 0, 0, 0
249838, 0, 1, 0
249846, 0, 0, 0
249851, 0, 1, 0
249858, 0, 0, 0
249864, 0, 1, 0
249871, 0, 0, 0
249877, 0, 1, 0
249884, 0, 0, 0
249890, 0, 1, 0
249897, 0, 0, 0
249902, 0, 1, 0
249910, 0, 0, 0
249915, 0, 1, 0
249922, 0, 0, 0
249928, 0, 1, 0
249935, 0, 0, 0
249941, 0, 1, 0
249948, 0, 0, 0
249954, 0, 1, 0
249961, 0, 0, 0
249966, 0, 1, 0
249974, 0, 0, 0
249979, 0, 1, 0
249986, 0, 0, 0
249992, 0, 1, 0
249999, 0, 0, 0
250005, 0, 1, 0
250012, 0, 0, 0
250018, 0, 1, 0
250025, 0, 0, 0
250030, 0, 1, 0
250038, 0, 0, 0
250043, 0, 1, 0
250050, 0, 0, 0
250056, 0, 1, 0
250063, 0, 0, 0
250069, 0, 1, 0
250076, 0, 0, 0
250082, 0, 1, 0
250089, 0, 0, 0
250095, 0, 1, 0
250102, 0, 0, 0
250107, 0, 1, 0
250114, 0, 0, 0
250120, 0, 1, 0
250127, 0, 0, 0
250133, 0, 1, 0
250140, 0, 0, 0
250146, 0, 1, 0
250153, 0, 0, 0
250159, 0, 1, 0
250166, 0, 0, 0
250171, 0, 1, 0
250178, 0, 0, 0
250184, 0, 1, 0
250191, 0, 0, 0
250197, 0, 1, 0
250204, 0, 0, 0
250210, 0, 1, 0
250217, 0, 0, 0
250223, 0, 1, 0
250230, 0, 0, 0
250235, 0, 1, 0
250242, 0, 0, 0
250248, 0, 1, 0
250255, 0, 0, 0
250261, 0, 1, 0
250268, 0, 0, 0
250274, 0, 1, 0
250281, 0, 0, 0
250287, 0, 1, 0
250294, 0, 0, 0
250299, 0, 1, 0
250306, 0, 0, 0
250312, 0, 1, 0
250319, 0, 0, 0
250325, 0, 1, 0
250332, 0, 0, 0
250338, 0, 1, 0
250345, 0, 0, 0
250351, 0, 1, 0
250358, 0, 0, 0
250363, 0, 1, 0
250370, 0, 0, 0
250376, 0, 1, 0
250383, 0, 0, 0
250389, 0, 1, 0
250396, 0, 0, 0
250402, 0, 1, 0
250409, 0, 0, 0
250415, 0, 1, 0
250422, 0, 0, 0
250427, 0, 1, 0
250434, 0, 0, 0
250440, 0, 1, 0
250447, 0, 0, 0
250453, 0, 1, 0
250460, 0, 0, 0
250466, 0, 1, 0
250473, 0, 0, 0
250479, 0, 1, 0
250486, 0, 0, 0
250491, 0, 1, 0
250498, 0, 0, 0
250504, 0, 1, 0
250511, 0, 0, 0
250517, 0, 1, 0
250524, 0, 0, 0
250530, 0, 1, 0
250537, 0, 0, 0
250543, 0, 1, 0
250550, 0, 0, 0
250555, 0, 1, 0
250562, 0, 0, 0
250568, 0, 1, 0
250575, 0, 0, 0
250581, 0, 1, 0
250588, 0, 0, 0
250594, 0, 1, 0
250601, 0, 0, 0
250607, 0, 1, 0
250614, 0, 0, 0
250619, 0, 1, 0
250626, 0, 0, 0
250632, 0, 1, 0
250639, 0, 0, 0
250645, 0, 1, 0
250652, 0, 0, 0
250658, 0, 1, 0
250665, 0, 0, 0
250671, 0, 1, 0
250678, 0, 0, 0
250683, 0, 1, 0
250690, 0, 0, 0
250696, 0, 1, 0
250703, 0, 0, 0
250709, 0, 1, 0
250716, 0, 0, 0
250722, 0, 1, 0
250729, 0, 0, 0
250735, 0, 1, 0
250742, 0, 0, 0
250747, 0, 1, 0
250754, 0, 0, 0
250760, 0, 1, 0
250767, 0, 0, 0
250773, 0, 1, 0
250780, 0, 0, 0
250786, 0, 1, 0
250793, 0, 0, 0
250799, 0, 1, 0
250806, 0, 0, 0
250811, 0, 1, 0
250818, 0, 0, 0
250824, 0, 1, 0
250831, 0, 0, 0
250837, 0, 1, 0
250844, 0, 0, 0
250850, 0, 1, 0
250857, 0, 0, 0
250863, 0, 1, 0
250870, 0, 0, 0
250875, 0, 1, 0
250882, 0, 0, 0
250888, 0, 1, 0
250895, 0, 0, 0
250901, 0, 1, 0
250908, 0, 0, 0
250914, 0, 1, 0
250921, 0, 0, 0
250927, 0, 1, 0
250934, 0, 0, 0
250939, 0, 1, 0
250946, 0, 0, 0
250952, 0, 1, 1
250959, 0, 0, 1
250964, 1, 0, 1
250965, 1, 1, 0
250972, 1, 0, 0
250978, 1, 1, 0
250985, 1, 0, 0
250991, 1, 1, 0
250998, 1, 0, 0
251003, 1, 1, 0
251010, 1, 0, 0
251016, 1, 1, 0
251023, 1, 0, 0
251029, 1, 1, 0
251036, 1, 0, 0
251041, 0, 0, 0
251042, 0, 1, 0
251049, 0, 0, 0
251054, 1, 0, 0
251055, 1, 1, 0
251062, 1, 0, 0
251067, 1, 1, 0
251074, 1, 0, 0
251080, 1, 1, 0
251087, 1, 0, 0
251093, 0, 1, 0
251100, 0, 0, 0
251106, 0, 1, 0
251113, 0, 0, 0
251119, 0, 1, 0
251126, 0, 0, 0
251131, 0, 1, 0
251138, 0, 0, 0
251144, 0, 1, 0
251151, 0, 0, 0
251156, 1, 0, 0
251157, 1, 1, 0
251164, 1, 0, 0
251169, 0, 0, 0
251170, 0, 1, 0
251177, 0, 0, 0
251183, 0, 1, 0
251190, 0, 0, 0
251195, 0, 1, 0
251202, 0, 0, 0
251208, 0, 1, 0
251215, 0, 0, 0
251221, 0, 1, 0
251228, 0, 0, 0
251234, 0, 1, 0
251241, 0, 0, 0
251247, 0, 1, 0
251254, 0, 0, 0
251259, 0, 1, 0
251266, 0, 0, 0
251272, 0, 1, 0
251279, 0, 0, 0
251285, 0, 1, 0
251292, 0, 0, 0
251298, 0, 1, 0
251305, 0, 0, 0
251311, 0, 1, 0
251318, 0, 0, 0
251323, 0, 1, 0
251330, 0, 0, 0
251336, 0, 1, 0
251343, 0, 0, 0
251349, 0, 1, 0
251356, 0, 0, 0
251362, 0, 1, 0
251369, 0, 0, 0
251375, 0, 1, 0
251382, 0, 0, 0
251387, 0, 1, 0
251394, 0, 0, 0
251400, 0, 1, 0
251407, 0, 0, 0
251413, 0, 1, 0
251420, 0, 0, 0
251426, 0, 1, 0
251433, 0, 0, 0
251439, 0, 1, 0
251446, 0, 0, 0
251451, 0, 1, 0
251458, 0, 0, 0
251464, 0, 1, 0
251471, 0, 0, 0
251477, 0, 1, 0
251484, 0, 0, 0
251490, 0, 1, 0
251497, 0, 0, 0
251503, 0, 1, 0
251510, 0, 0, 0
251515, 0, 1, 0
251522, 0, 0, 0
251528, 0, 1, 0
251535, 0, 0, 0
251541, 0, 1, 0
251548, 0, 0, 0
251554, 0, 1, 0
251561, 0, 0, 0
251567, 0, 1, 0
251574, 0, 0, 0
251579, 0, 1, 0
251586, 0, 0, 0
251592, 0, 1, 0
251599, 0, 0, 0
251605, 0, 1, 0
251612, 0, 0, 0
251618, 0, 1, 0
251625, 0, 0, 0
251631, 0, 1, 0
251638, 0, 0, 0
251643, 0, 1, 0
251650, 0, 0, 0
251656, 0, 1, 0
251663, 0, 0, 0
251669, 0, 1, 0
251676, 0, 0, 0
251682, 0, 1, 0
251689, 0, 0, 0
251695, 0, 1, 0
251702, 0, 0, 0
251707, 0, 1, 0
251714, 0, 0, 0
251720, 0, 1, 0
251727, 0, 0, 0
251733, 0, 1, 0
251740, 0, 0, 0
251746, 0, 1, 0
251753, 0, 0, 0
251759, 0, 1, 0
251766, 0, 0, 0
251771, 0, 1, 0
251778, 0, 0, 0
251784, 0, 1, 0
251791, 0, 0, 0
251797, 0, 1, 0
251804, 0, 0, 0
251810, 0, 1, 0
251817, 0, 0, 0
251823, 0, 1, 0
251830, 0, 0, 0
251835, 0, 1, 0
251842, 0, 0, 0
251848, 0, 1, 0
251855, 0, 0, 0
251861, 0, 1, 0
251868, 0, 0, 0
251874, 0, 1, 0
251881, 0, 0, 0
251887, 0, 1, 0
251894, 0, 0, 0
251899, 0, 1, 0
251906, 0, 0, 0
251912, 0, 1, 0
251919, 0, 0, 0
251925, 0, 1, 0
251932, 0, 0, 0
251938, 0, 1, 0
251945, 0, 0, 0
251951, 0, 1, 0
251958, 0, 0, 0
251963, 0, 1, 0
251970, 0, 0, 0
251976, 0, 1, 0
251983, 0, 0, 0
251989, 0, 1, 0
251996, 0, 0, 0
252002, 0, 1, 0
252009, 0, 0, 0
252015, 0, 1, 0
252022, 0, 0, 0
252027, 0, 1, 0
252034, 0, 0, 0
252040, 0, 1, 0
252047, 0, 0, 0
252053, 0, 1, 0
252060, 0, 0, 0
252066, 0, 1, 0
252073, 0, 0, 0
252079, 0, 1, 0
252086, 0, 0, 0
252091, 0, 1, 0
252098, 0, 0, 0
252104, 0, 1, 0
252111, 0, 0, 0
252117, 0, 1, 0
252124, 0, 0, 0
252130, 0, 1, 0
252137, 0, 0, 0
252143, 0, 1, 0
252150, 0, 0, 0
252155, 0, 1, 0
252162, 0, 0, 0
252168, 0, 1, 0
252175, 0, 0, 0
252181, 0, 1, 0
252188, 0, 0, 0
252194, 0, 1, 0
252201, 0, 0, 0
252207, 0, 1, 0
252214, 0, 0, 0
252219, 0, 1, 0
252226, 0, 0, 0
252232, 0, 1, 0
252239, 0, 0, 0
252245, 0, 1, 0
252252, 0, 0, 0
252258, 0, 1, 0
252265, 0, 0, 0
252271, 0, 1, 0
252278, 0, 0, 0
252283, 0, 1, 0
252290, 0, 0, 0
252296, 0, 1, 0
252303, 0, 0, 0
252309, 0, 1, 0
252316, 0, 0, 0
252322, 0, 1, 0
252329, 0, 0, 0
252335, 0, 1, 0
252342, 0, 0, 0
252347, 0, 1, 0
252354, 0, 0, 0
252360, 0, 1, 0
252367, 0, 0, 0
252373, 0, 1, 0
252380, 0, 0, 0
252386, 0, 1, 0
252393, 0, 0, 0
252399, 0, 1, 0
252406, 0, 0, 0
252411, 0, 1, 0
252418, 0, 0, 0
252424, 0, 1, 0
252431, 0, 0, 0
252437, 0, 1, 0
252444, 0, 0, 0
252450, 0, 1, 0
252457, 0, 0, 0
252463, 0, 1, 0
252470, 0, 0, 0
252475, 0, 1, 0
252482, 0, 0, 0
252488, 0, 1, 0
252495, 0, 0, 0
252501, 0, 1, 0
252508, 0, 0, 0
252514, 0, 1, 0
252521, 0, 0, 0
252527, 0, 1, 0
252534, 0, 0, 0
252539, 0, 1, 0
252546, 0, 0, 0
252552, 0, 1, 0
252559, 0, 0, 0
252565, 0, 1, 0
252572, 0, 0, 0
252578, 0, 1, 0
252585, 0, 0, 0
252590, 0, 0, 1
252591, 0, 1, 1
252598, 0, 0, 1
252603, 1, 1, 0
252610, 1, 0, 0
252616, 1, 1, 0
252623, 1, 0, 0
252629, 1, 1, 0
252636, 1, 0, 0
252642, 1, 1, 0
252649, 1, 0, 0
252655, 1, 1, 0
252662, 1, 0, 0
252667, 1, 1, 0
252674, 1, 0, 0
252680, 0, 1, 0
252687, 0, 0, 0
252693, 1, 1, 0
252700, 1, 0, 0
252706, 1, 1, 0
252713, 1, 0, 0
252719, 1, 1, 0
252726, 1, 0, 0
252731, 0, 1, 0
252738, 0, 0, 0
252744, 0, 1, 0
252751, 0, 0, 0
252757, 0, 1, 0
252764, 0, 0, 0
252770, 0, 1, 0
252777, 0, 0, 0
252783, 0, 1, 0
252790, 0, 0, 0
252795, 1, 1, 0
252802, 1, 0, 0
252808, 0, 1, 0
252815, 0, 0, 0
252821, 0, 1, 0
252828, 0, 0, 0
252834, 0, 1, 0
252841, 0, 0, 0
252847, 0, 1, 0
252854, 0, 0, 0
252859, 0, 1, 0
252866, 0, 0, 0
252872, 0, 1, 0
252879, 0, 0, 0
252885, 0, 1, 0
252892, 0, 0, 0
252898, 0, 1, 0
252905, 0, 0, 0
252911, 0, 1, 0
252918, 0, 0, 0
252923, 0, 1, 0
252930, 0, 0, 0
252936, 0, 1, 0
252943, 0, 0, 0
252949, 0, 1, 0
252956, 0, 0, 0
252962, 0, 1, 0
252969, 0, 0, 0
252975, 0, 1, 0
252982, 0, 0, 0
252987, 0, 1, 0
252994, 0, 0, 0
253000, 0, 1, 0
253007, 0, 0, 0
253013, 0, 1, 0
253020, 0, 0, 0
253026, 0, 1, 0
253033, 0, 0, 0
253039, 0, 1, 0
253046, 0, 0, 0
253051, 0, 1, 0
253058, 0, 0, 0
253064, 0, 1, 0
253071, 0, 0, 0
253077, 0, 1, 0
253084, 0, 0, 0
253090, 0, 1, 0
253097, 0, 0, 0
253103, 0, 1, 0
253110, 0, 0, 0
253115, 0, 1, 0
253122, 0, 0, 0
253128, 0, 1, 0
253135, 0, 0, 0
253141, 0, 1, 0
253148, 0, 0, 0
253154, 0, 1, 0
253161, 0, 0, 0
253167, 0, 1, 0
253174, 0, 0, 0
253179, 0, 1, 0
253186, 0, 0, 0
253192, 0, 1, 0
253199, 0, 0, 0
253205, 0, 1, 0
253212, 0, 0, 0
253218, 0, 1, 0
253225, 0, 0, 0
253231, 0, 1, 0
253238, 0, 0, 0
253243, 0, 1, 0
253250, 0, 0, 0
253256, 0, 1, 0
253263, 0, 0, 0
253269, 0, 1, 0
253276, 0, 0, 0
253282, 0, 1, 0
253289, 0, 0, 0
253295, 0, 1, 0
253302, 0, 0, 0
253307, 0, 1, 0
253314, 0, 0, 0
253320, 0, 1, 0
253327, 0, 0, 0
253333, 0, 1, 0
253340, 0, 0, 0
253346, 0, 1, 0
253353, 0, 0, 0
253359, 0, 1, 0
253366, 0, 0, 0
253371, 0, 1, 0
253378, 0, 0, 0
253384, 0, 1, 0
253391, 0, 0, 0
253397, 0, 1, 0
253404, 0, 0, 0
253410, 0, 1, 0
253417, 0, 0, 0
253423, 0, 1, 0
253430, 0, 0, 0
253435, 0, 1, 0
253442, 0, 0, 0
253448, 0, 1, 0
253455, 0, 0, 0
253461, 0, 1, 0
253468, 0, 0, 0
253474, 0, 1, 0
253481, 0, 0, 0
253487, 0, 1, 0
253494, 0, 0, 0
253499, 0, 1, 0
253506, 0, 0, 0
253512, 0, 1, 0
253519, 0, 0, 0
253525, 0, 1, 0
253532, 0, 0, 0
253538, 0, 1, 0
253545, 0, 0, 0
253551, 0, 1, 0
253558, 0, 0, 0
253563, 0, 1, 0
253570, 0, 0, 0
253576, 0, 1, 0
253583, 0, 0, 0
253589, 0, 1, 0
253596, 0, 0, 0
253602, 0, 1, 0
253609, 0, 0, 0
253615, 0, 1, 0
253622, 0, 0, 0
253627, 0, 1, 0
253634, 0, 0, 0
253640, 0, 1, 0
253647, 0, 0, 0
253653, 0, 1, 0
253660, 0, 0, 0
253666, 0, 1, 0
253673, 0, 0, 0
253679, 0, 1, 0
253686, 0, 0, 0
253691, 0, 1, 0
253698, 0, 0, 0
253704, 0, 1, 0
253711, 0, 0, 0
253717, 0, 1, 0
253724, 0, 0, 0
253730, 0, 1, 0
253737, 0, 0, 0
253743, 0, 1, 0
253750, 0, 0, 0
253755, 0, 1, 0
253762, 0, 0, 0
253768, 0, 1, 0
253775, 0, 0, 0
253781, 0, 1, 0
253788, 0, 0, 0
253794, 0, 1, 0
253801, 0, 0, 0
253807, 0, 1, 0
253814, 0, 0, 0
253819, 0, 1, 0
253826, 0, 0, 0
253832, 0, 1, 0
253839, 0, 0, 0
253845, 0, 1, 0
253852, 0, 0, 0
253858, 0, 1, 0
253865, 0, 0, 0
253871, 0, 1, 0
253878, 0, 0, 0
253883, 0, 1, 0
253890, 0, 0, 0
253896, 0, 1, 0
253903, 0, 0, 0
253909, 0, 1, 0
253916, 0, 0, 0
253922, 0, 1, 0
253929, 0, 0, 0
253935, 0, 1, 0
253942, 0, 0, 0
253947, 0, 1, 0
253954, 0, 0, 0
253960, 0, 1, 0
253967, 0, 0, 0
253973, 0, 1, 0
253980, 0, 0, 0
253986, 0, 1, 0
253993, 0, 0, 0
253999, 0, 1, 0
254006, 0, 0, 0
254011, 0, 1, 0
254018, 0, 0, 0
254024, 0, 1, 0
254031, 0, 0, 0
254037, 0, 1, 0
254044, 0, 0, 0
254050, 0, 1, 0
254057, 0, 0, 0
254063, 0, 1, 0
254070, 0, 0, 0
254075, 0, 1, 0
254082, 0, 0, 0
254088, 0, 1, 0
254095, 0, 0, 0
254101, 0, 1, 0
254108, 0, 0, 0
254114, 0, 1, 0
254121, 0, 0, 0
254127, 0, 1, 0
254134, 0, 0, 0
254139, 0, 1, 0
254147, 0, 0, 0
254152, 0, 1, 0
254159, 0, 0, 0
254165, 0, 1, 0
254172, 0, 0, 0
254178, 0, 1, 0
254185, 0, 0, 0
254191, 0, 1, 0
254198, 0, 0, 0
254203, 0, 1, 0
254211, 0, 0, 0
254216, 0, 1, 0
254223, 0, 0, 0
254229, 0, 1, 1
254236, 0, 0, 1
254241, 1, 0, 1
254242, 1, 1, 0
254249, 1, 0, 0
254255, 1, 1, 0
254262, 1, 0, 0
254267, 1, 1, 0
254275, 1, 0, 0
254280, 1, 1, 0
254287, 1, 0, 0
254293, 1, 1, 0
254300, 1, 0, 0
254306, 1, 1, 0
254313, 1, 0, 0
254318, 0, 0, 0
254319, 0, 1, 0
254326, 0, 0, 0
254331, 1, 1, 0
254339, 1, 0, 0
254344, 1, 1, 0
254351, 1, 0, 0
254357, 1, 1, 0
254364, 1, 0, 0
254369, 0, 0, 0
254370, 0, 1, 0
254377, 0, 0, 0
254383, 0, 1, 0
254390, 0, 0, 0
254395, 0, 1, 0
254403, 0, 0, 0
254408, 0, 1, 0
254415, 0, 0, 0
254421, 0, 1, 0
254428, 0, 0, 0
254433, 1, 0, 0
254434, 1, 1, 0
254441, 1, 0, 0
254446, 0, 0, 0
254447, 0, 1, 0
254454, 0, 0, 0
254459, 0, 1, 0
254467, 0, 0, 0
254472, 0, 1, 0
254479, 0, 0, 0
254485, 0, 1, 0
254492, 0, 0, 0
254498, 0, 1, 0
254505, 0, 0, 0
254511, 0, 1, 0
254518, 0, 0, 0
254523, 0, 1, 0
254531, 0, 0, 0
254536, 0, 1, 0
254543, 0, 0, 0
254549, 0, 1, 0
254556, 0, 0, 0
254562, 0, 1, 0
254569, 0, 0, 0
254575, 0, 1, 0
254582, 0, 0, 0
254587, 0, 1, 0
254595, 0, 0, 0
254600, 0, 1, 0
254607, 0, 0, 0
254613, 0, 1, 0
254620, 0, 0, 0
254626, 0, 1, 0
254633, 0, 0, 0
254639, 0, 1, 0
254646, 0, 0, 0
254651, 0, 1, 0
254659, 0, 0, 0
254664, 0, 1, 0
254671, 0, 0, 0
254677, 0, 1, 0
254684, 0, 0, 0
254690, 0, 1, 0
254697, 0, 0, 0
254703, 0, 1, 0
254710, 0, 0, 0
254715, 0, 1, 0
254723, 0, 0, 0
254728, 0, 1, 0
254735, 0, 0, 0
254741, 0, 1, 0
254748, 0, 0, 0
254754, 0, 1, 0
254761, 0, 0, 0
254767, 0, 1, 0
254774, 0, 0, 0
254779, 0, 1, 0
254787, 0, 0, 0
254792, 0, 1, 0
254799, 0, 0, 0
254805, 0, 1, 0
254812, 0, 0, 0
254818, 0, 1, 0
254825, 0, 0, 0
254831, 0, 1, 0
254838, 0, 0, 0
254843, 0, 1, 0
254851, 0, 0, 0
254856, 0, 1, 0
254863, 0, 0, 0
254869, 0, 1, 0
254876, 0, 0, 0
254882, 0, 1, 0
254889, 0, 0, 0
254895, 0, 1, 0
254902, 0, 0, 0
254907, 0, 1, 0
254915, 0, 0, 0
254920, 0, 1, 0
254927, 0, 0, 0
254933, 0, 1, 0
254940, 0, 0, 0
254946, 0, 1, 0
254953, 0, 0, 0
254959, 0, 1, 0
254966, 0, 0, 0
254972, 0, 1, 0
254979, 0, 0, 0
254984, 0, 1, 0
254991, 0, 0, 0
254997, 0, 1, 0
255004, 0, 0, 0
255010, 0, 1, 0
255017, 0, 0, 0
255023, 0, 1, 0
255030, 0, 0, 0
255036, 0, 1, 0
255043, 0, 0, 0
255048, 0, 1, 0
255055, 0, 0, 0
255061, 0, 1, 0
255068, 0, 0, 0
255074, 0, 1, 0
255081, 0, 0, 0
255087, 0, 1, 0
255094, 0, 0, 0
255100, 0, 1, 0
255107, 0, 0, 0
255112, 0, 1, 0
255119, 0, 0, 0
255125, 0, 1, 0
255132, 0, 0, 0
255138, 0, 1, 0
255145, 0, 0, 0
255151, 0, 1, 0
255158, 0, 0, 0
255164, 0, 1, 0
255171, 0, 0, 0
255176, 0, 1, 0
255183, 0, 0, 0
255189, 0, 1, 0
255196, 0, 0, 0
255202, 0, 1, 0
255209, 0, 0, 0
255215, 0, 1, 0
255222, 0, 0, 0
255228, 0, 1, 0
255235, 0, 0, 0
255240, 0, 1, 0
255247, 0, 0, 0
255253, 0, 1, 0
255260, 0, 0, 0
255266, 0, 1, 0
255273, 0, 0, 0
255279, 0, 1, 0
255286, 0, 0, 0
255292, 0, 1, 0
255299, 0, 0, 0
255304, 0, 1, 0
255311, 0, 0, 0
255317, 0, 1, 0
255324, 0, 0, 0
255330, 0, 1, 0
255337, 0, 0, 0
255343, 0, 1, 0
255350, 0, 0, 0
255356, 0, 1, 0
255363, 0, 0, 0
255368, 0, 1, 0
255375, 0, 0, 0
255381, 0, 1, 0
255388, 0, 0, 0
255394, 0, 1, 0
255401, 0, 0, 0
255407, 0, 1, 0
255414, 0, 0, 0
255420, 0, 1, 0
255427, 0, 0, 0
255432, 0, 1, 0
255439, 0, 0, 0
255445, 0, 1, 0
255452, 0, 0, 0
255458, 0, 1, 0
255465, 0, 0, 0
255471, 0, 1, 0
255478, 0, 0, 0
255484, 0, 1, 0
255491, 0, 0, 0
255496, 0, 1, 0
255503, 0, 0, 0
255509, 0, 1, 0
255516, 0, 0, 0
255522, 0, 1, 0
255529, 0, 0, 0
255535, 0, 1, 0
255542, 0, 0, 0
255548, 0, 1, 0
255555, 0, 0, 0
255560, 0, 1, 0
255567, 0, 0, 0
255573, 0, 1, 0
255580, 0, 0, 0
255586, 0, 1, 0
255593, 0, 0, 0
255599, 0, 1, 0
255606, 0, 0, 0
255612, 0, 1, 0
255619, 0, 0, 0
255624, 0, 1, 0
255631, 0, 0, 0
255637, 0, 1, 0
255644, 0, 0, 0
255650, 0, 1, 0
255657, 0, 0, 0
255663, 0, 1, 0
255670, 0, 0, 0
255676, 0, 1, 0
255683, 0, 0, 0
255688, 0, 1, 0
255695, 0, 0, 0
255701, 0, 1, 0
255708, 0, 0, 0
255714, 0, 1, 0
255721, 0, 0, 0
255727, 0, 1, 0
255734, 0, 0, 0
255740, 0, 1, 0
255747, 0, 0, 0
255752, 0, 1, 0
255759, 0, 0, 0
255765, 0, 1, 0
255772, 0, 0, 0
255778, 0, 1, 0
255785, 0, 0, 0
255791, 0, 1, 0
255798, 0, 0, 0
255804, 0, 1, 0
255811, 0, 0, 0
255816, 0, 1, 0
255823, 0, 0, 0
255829, 0, 1, 0
255836, 0, 0, 0
255842, 0, 1, 0
255849, 0, 0, 0
255855, 0, 1, 0
255862, 0, 0, 0
255867, 0, 0, 1
255868, 0, 1, 1
255875, 0, 0, 1
255880, 1, 1, 0
255887, 1, 0, 0
255893, 1, 1, 0
255900, 1, 0, 0
255906, 1, 1, 0
255913, 1, 0, 0
255919, 1, 1, 0
255926, 1, 0, 0
255932, 1, 1, 0
255939, 1, 0, 0
255944, 1, 1, 0
255951, 1, 0, 0
255957, 0, 1, 0
255964, 0, 0, 0
255969, 1, 0, 0
255970, 1, 1, 0
255977, 1, 0, 0
255983, 1, 1, 0
255990, 1, 0, 0
255996, 1, 1, 0
256003, 1, 0, 0
256008, 0, 1, 0
256015, 0, 0, 0
256021, 0, 1, 0
256028, 0, 0, 0
256034, 0, 1, 0
256041, 0, 0, 0
256047, 0, 1, 0
256054, 0, 0, 0
256060, 0, 1, 0
256067, 0, 0, 0
256072, 1, 1, 0
256079, 1, 0, 0
256085, 0, 1, 0
256092, 0, 0, 0
256098, 0, 1, 0
256105, 0, 0, 0
256111, 0, 1, 0
256118, 0, 0, 0
256124, 0, 1, 0
256131, 0, 0, 0
256136, 0, 1, 0
256143, 0, 0, 0
256149, 0, 1, 0
256156, 0, 0, 0
256162, 0, 1, 0
256169, 0, 0, 0
256175, 0, 1, 0
256182, 0, 0, 0
256188, 0, 1, 0
256195, 0, 0, 0
256200, 0, 1, 0
256207, 0, 0, 0
256213, 0, 1, 0
256220, 0, 0, 0
256226, 0, 1, 0
256233, 0, 0, 0
256239, 0, 1, 0
256246, 0, 0, 0
256252, 0, 1, 0
256259, 0, 0, 0
256264, 0, 1, 0
256271, 0, 0, 0
256277, 0, 1, 0
256284, 0, 0, 0
256290, 0, 1, 0
256297, 0, 0, 0
256303, 0, 1, 0
256310, 0, 0, 0
256316, 0, 1, 0
256323, 0, 0, 0
256328, 0, 1, 0
256335, 0, 0, 0
256341, 0, 1, 0
256348, 0, 0, 0
256354, 0, 1, 0
256361, 0, 0, 0
256367, 0, 1, 0
256374, 0, 0, 0
256380, 0, 1, 0
256387, 0, 0, 0
256392, 0, 1, 0
256399, 0, 0, 0
256405, 0, 1, 0
256412, 0, 0, 0
256418, 0, 1, 0
256425, 0, 0, 0
256431, 0, 1, 0
256438, 0, 0, 0
256444, 0, 1, 0
256451, 0, 0, 0
256456, 0, 1, 0
256463, 0, 0, 0
256469, 0, 1, 0
256476, 0, 0, 0
256482, 0, 1, 0
256489, 0, 0, 0
256495, 0, 1, 0
256502, 0, 0, 0
256508, 0, 1, 0
256515, 0, 0, 0
256520, 0, 1, 0
256527, 0, 0, 0
256533, 0, 1, 0
256540, 0, 0, 0
256546, 0, 1, 0
256553, 0, 0, 0
256559, 0, 1, 0
256566, 0, 0, 0
256572, 0, 1, 0
256579, 0, 0, 0
256584, 0, 1, 0
256591, 0, 0, 0
256597, 0, 1, 0
256604, 0, 0, 0
256610, 0, 1, 0
256617, 0, 0, 0
256623, 0, 1, 0
256630, 0, 0, 0
256636, 0, 1, 0
256643, 0, 0, 0
256648, 0, 1, 0
256655, 0, 0, 0
256661, 0, 1, 0
256668, 0, 0, 0
256674, 0, 1, 0
256681, 0, 0, 0
256687, 0, 1, 0
256694, 0, 0, 0
256700, 0, 1, 0
256707, 0, 0, 0
256712, 0, 1, 0
256719, 0, 0, 0
256725, 0, 1, 0
256732, 0, 0, 0
256738, 0, 1, 0
256745, 0, 0, 0
256751, 0, 1, 0
256758, 0, 0, 0
256764, 0, 1, 0
256771, 0, 0, 0
256776, 0, 1, 0
256783, 0, 0, 0
256789, 0, 1, 0
256796, 0, 0, 0
256802, 0, 1, 0
256809, 0, 0, 0
256815, 0, 1, 0
256822, 0, 0, 0
256828, 0, 1, 0
256835, 0, 0, 0
256840, 0, 1, 0
256847, 0, 0, 0
256853, 0, 1, 0
256860, 0, 0, 0
256866, 0, 1, 0
256873, 0, 0, 0
256879, 0, 1, 0
256886, 0, 0, 0
256892, 0, 1, 0
256899, 0, 0, 0
256904, 0, 1, 0
256911, 0, 0, 0
256917, 0, 1, 0
256924, 0, 0, 0
256930, 0, 1, 0
256937, 0, 0, 0
256943, 0, 1, 0
256950, 0, 0, 0
256956, 0, 1, 0
256963, 0, 0, 0
256968, 0, 1, 0
256975, 0, 0, 0
256981, 0, 1, 0
256988, 0, 0, 0
256994, 0, 1, 0
257001, 0, 0, 0
257007, 0, 1, 0
257014, 0, 0, 0
257020, 0, 1, 0
257027, 0, 0, 0
257032, 0, 1, 0
257039, 0, 0, 0
257045, 0, 1, 0
257052, 0, 0, 0
257058, 0, 1, 0
257065, 0, 0, 0
257071, 0, 1, 0
257078, 0, 0, 0
257084, 0, 1, 0
257091, 0, 0, 0
257096, 0, 1, 0
257103, 0, 0, 0
257109, 0, 1, 0
257116, 0, 0, 0
257122, 0, 1, 0
257129, 0, 0, 0
257135, 0, 1, 0
257142, 0, 0, 0
257148, 0, 1, 0
257155, 0, 0, 0
257160, 0, 1, 0
257167, 0, 0, 0
257173, 0, 1, 0
257180, 0, 0, 0
257186, 0, 1, 0
257193, 0, 0, 0
257199, 0, 1, 0
257206, 0, 0, 0
257212, 0, 1, 0
257219, 0, 0, 0
257224, 0, 1, 0
257231, 0, 0, 0
257237, 0, 1, 0
257244, 0, 0, 0
257250, 0, 1, 0
257257, 0, 0, 0
257263, 0, 1, 0
257270, 0, 0, 0
257276, 0, 1, 0
257283, 0, 0, 0
257288, 0, 1, 0
257295, 0, 0, 0
257301, 0, 1, 0
257308, 0, 0, 0
257314, 0, 1, 0
257321, 0, 0, 0
257327, 0, 1, 0
257334, 0, 0, 0
257340, 0, 1, 0
257347, 0, 0, 0
257352, 0, 1, 0
257359, 0, 0, 0
257365, 0, 1, 0
257372, 0, 0, 0
257378, 0, 1, 0
257385, 0, 0, 0
257391, 0, 1, 0
257398, 0, 0, 0
257404, 0, 1, 0
257411, 0, 0, 0
257416, 0, 1, 0
257423, 0, 0, 0
257429, 0, 1, 0
257436, 0, 0, 0
257442, 0, 1, 0
257449, 0, 0, 0
257455, 0, 1, 0
257462, 0, 0, 0
257468, 0, 1, 0
257475, 0, 0, 0
257480, 0, 1, 0
257487, 0, 0, 0
257493, 0, 1, 0
257500, 0, 0, 0
257506, 0, 1, 1
257513, 0, 0, 1
257518, 1, 0, 1
257519, 1, 1, 0
257526, 1, 0, 0
257532, 1, 1, 0
257539, 1, 0, 0
257544, 1, 1, 0
257551, 1, 0, 0
257557, 1, 1, 0
257564, 1, 0, 0
257570, 1, 1, 0
257577, 1, 0, 0
257583, 1, 1, 0
257590, 1, 0, 0
257595, 0, 0, 0
257596, 0, 1, 0
257603, 0, 0, 0
257608, 1, 1, 0
257615, 1, 0, 0
257621, 1, 1, 0
257628, 1, 0, 0
257634, 1, 1, 0
257641, 1, 0, 0
257646, 0, 0, 0
257647, 0, 1, 0
257654, 0, 0, 0
257660, 0, 1, 0
257667, 0, 0, 0
257672, 0, 1, 0
257679, 0, 0, 0
257685, 0, 1, 0
257692, 0, 0, 0
257698, 0, 1, 0
257705, 0, 0, 0
257710, 1, 0, 0
257711, 1, 1, 0
257718, 1, 0, 0
257723, 0, 0, 0
257724, 0, 1, 0
257731, 0, 0, 0
257736, 0, 1, 0
257743, 0, 0, 0
257749, 0, 1, 0
257756, 0, 0, 0
257762, 0, 1, 0
257769, 0, 0, 0
257775, 0, 1, 0
257782, 0, 0, 0
257788, 0, 1, 0
257795, 0, 0, 0
257800, 0, 1, 0
257807, 0, 0, 0
257813, 0, 1, 0
257820, 0, 0, 0
257826, 0, 1, 0
257833, 0, 0, 0
257839, 0, 1, 0
257846, 0, 0, 0
257852, 0, 1, 0
257859, 0, 0, 0
257864, 0, 1, 0
257871, 0, 0, 0
257877, 0, 1, 0
257884, 0, 0, 0
257890, 0, 1, 0
257897, 0, 0, 0
257903, 0, 1, 0
257910, 0, 0, 0
257916, 0, 1, 0
257923, 0, 0, 0
257928, 0, 1, 0
257935, 0, 0, 0
257941, 0, 1, 0
257948, 0, 0, 0
257954, 0, 1, 0
257961, 0, 0, 0
257967, 0, 1, 0
257974, 0, 0, 0
257980, 0, 1, 0
257987, 0, 0, 0
257992, 0, 1, 0
257999, 0, 0, 0
258005, 0, 1, 0
258012, 0, 0, 0
258018, 0, 1, 0
258025, 0, 0, 0
258031, 0, 1, 0
258038, 0, 0, 0
258044, 0, 1, 0
258051, 0, 0, 0
258056, 0, 1, 0
258063, 0, 0, 0
258069, 0, 1, 0
258076, 0, 0, 0
258082, 0, 1, 0
258089, 0, 0, 0
258095, 0, 1, 0
258102, 0, 0, 0
258108, 0, 1, 0
258115, 0, 0, 0
258120, 0, 1, 0
258127, 0, 0, 0
258133, 0, 1, 0
258140, 0, 0, 0
258146, 0, 1, 0
258153, 0, 0, 0
258159, 0, 1, 0
258166, 0, 0, 0
258172, 0, 1, 0
258179, 0, 0, 0
258184, 0, 1, 0
258191, 0, 0, 0
258197, 0, 1, 0
258204, 0, 0, 0
258210, 0, 1, 0
258217, 0, 0, 0
258223, 0, 1, 0
258230, 0, 0, 0
258236, 0, 1, 0
258243, 0, 0, 0
258248, 0, 1, 0
258255, 0, 0, 0
258261, 0, 1, 0
258268, 0, 0, 0
258274, 0, 1, 0
258281, 0, 0, 0
258287, 0, 1, 0
258294, 0, 0, 0
258300, 0, 1, 0
258307, 0, 0, 0
258312, 0, 1, 0
258319, 0, 0, 0
258325, 0, 1, 0
258332, 0, 0, 0
258338, 0, 1, 0
258345, 0, 0, 0
258351, 0, 1, 0
258358, 0, 0, 0
258364, 0, 1, 0
258371, 0, 0, 0
258376, 0, 1, 0
258383, 0, 0, 0
258389, 0, 1, 0
258396, 0, 0, 0
258402, 0, 1, 0
258409, 0, 0, 0
258415, 0, 1, 0
258422, 0, 0, 0
258428, 0, 1, 0
258435, 0, 0, 0
258440, 0, 1, 0
258447, 0, 0, 0
258453, 0, 1, 0
258460, 0, 0, 0
258466, 0, 1, 0
258473, 0, 0, 0
258479, 0, 1, 0
258486, 0, 0, 0
258492, 0, 1, 0
258499, 0, 0, 0
258504, 0, 1, 0
258511, 0, 0, 0
258517, 0, 1, 0
258524, 0, 0, 0
258530, 0, 1, 0
258537, 0, 0, 0
258543, 0, 1, 0
258550, 0, 0, 0
258556, 0, 1, 0
258563, 0, 0, 0
258568, 0, 1, 0
258575, 0, 0, 0
258581, 0, 1, 0
258588, 0, 0, 0
258594, 0, 1, 0
258601, 0, 0, 0
258607, 0, 1, 0
258614, 0, 0, 0
258620, 0, 1, 0
258627, 0, 0, 0
258632, 0, 1, 0
258639, 0, 0, 0
258645, 0, 1, 0
258652, 0, 0, 0
258658, 0, 1, 0
258665, 0, 0, 0
258671, 0, 1, 0
258678, 0, 0, 0
258684, 0, 1, 0
258691, 0, 0, 0
258696, 0, 1, 0
258703, 0, 0, 0
258709, 0, 1, 0
258716, 0, 0, 0
258722, 0, 1, 0
258729, 0, 0, 0
258735, 0, 1, 0
258742, 0, 0, 0
258748, 0, 1, 0
258755, 0, 0, 0
258760, 0, 1, 0
258767, 0, 0, 0
258773, 0, 1, 0
258780, 0, 0, 0
258786, 0, 1, 0
258793, 0, 0, 0
258799, 0, 1, 0
258806, 0, 0, 0
258812, 0, 1, 0
258819, 0, 0, 0
258824, 0, 1, 0
258831, 0, 0, 0
258837, 0, 1, 0
258844, 0, 0, 0
258850, 0, 1, 0
258857, 0, 0, 0
258863, 0, 1, 0
258870, 0, 0, 0
258876, 0, 1, 0
258883, 0, 0, 0
258888, 0, 1, 0
258895, 0, 0, 0
258901, 0, 1, 0
258908, 0, 0, 0
258914, 0, 1, 0
258921, 0, 0, 0
258927, 0, 1, 0
258934, 0, 0, 0
258940, 0, 1, 0
258947, 0, 0, 0
258952, 0, 1, 0
258959, 0, 0, 0
258965, 0, 1, 0
258972, 0, 0, 0
258978, 0, 1, 0
258985, 0, 0, 0
258991, 0, 1, 0
258998, 0, 0, 0
259004, 0, 1, 0
259011, 0, 0, 0
259016, 0, 1, 0
259023, 0, 0, 0
259029, 0, 1, 0
259036, 0, 0, 0
259042, 0, 1, 0
259049, 0, 0, 0
259055, 0, 1, 0
259062, 0, 0, 0
259068, 0, 1, 0
259075, 0, 0, 0
259080, 0, 1, 0
259087, 0, 0, 0
259093, 0, 1, 0
259100, 0, 0, 0
259106, 0, 1, 0
259113, 0, 0, 0
259119, 0, 1, 0
259126, 0, 0, 0
259132, 0, 1, 0
259139, 0, 0, 0
259144, 0, 1, 1
259152, 0, 0, 1
259157, 1, 1, 0
259164, 1, 0, 0
259170, 1, 1, 0
259177, 1, 0, 0
259183, 1, 1, 0
259190, 1, 0, 0
259196, 1, 1, 0
259203, 1, 0, 0
259208, 1, 1, 0
259216, 1, 0, 0
259221, 1, 1, 0
259228, 1, 0, 0
259234, 0, 1, 0
259241, 0, 0, 0
259246, 1, 0, 0
259247, 1, 1, 0
259254, 1, 0, 0
259260, 1, 1, 0
259267, 1, 0, 0
259272, 1, 1, 0
259280, 1, 0, 0
259285, 0, 1, 0
259292, 0, 0, 0
259298, 0, 1, 0
259305, 0, 0, 0
259311, 0, 1, 0
259318, 0, 0, 0
259324, 0, 1, 0
259331, 0, 0, 0
259336, 0, 1, 0
259344, 0, 0, 0
259349, 1, 1, 0
259356, 1, 0, 0
259362, 0, 1, 0
259369, 0, 0, 0
259375, 0, 1, 0
259382, 0, 0, 0
259388, 0, 1, 0
259395, 0, 0, 0
259400, 0, 1, 0
259408, 0, 0, 0
259413, 0, 1, 0
259420, 0, 0, 0
259426, 0, 1, 0
259433, 0, 0, 0
259439, 0, 1, 0
259446, 0, 0, 0
259452, 0, 1, 0
259459, 0, 0, 0
259464, 0, 1, 0
259472, 0, 0, 0
259477, 0, 1, 0
259484, 0, 0, 0
259490, 0, 1, 0
259497, 0, 0, 0
259503, 0, 1, 0
259510, 0, 0, 0
259516, 0, 1, 0
259523, 0, 0, 0
259528, 0, 1, 0
259536, 0, 0, 0
259541, 0, 1, 0
259548, 0, 0, 0
259554, 0, 1, 0
259561, 0, 0, 0
259567, 0, 1, 0
259574, 0, 0, 0
259580, 0, 1, 0
259587, 0, 0, 0
259592, 0, 1, 0
259600, 0, 0, 0
259605, 0, 1, 0
259612, 0, 0, 0
259618, 0, 1, 0
259625, 0, 0, 0
259631, 0, 1, 0
259638, 0, 0, 0
259644, 0, 1, 0
259651, 0, 0, 0
259656, 0, 1, 0
259664, 0, 0, 0
259669, 0, 1, 0
259676, 0, 0, 0
259682, 0, 1, 0
259689, 0, 0, 0
259695, 0, 1, 0
259702, 0, 0, 0
259708, 0, 1, 0
259715, 0, 0, 0
259720, 0, 1, 0
259728, 0, 0, 0
259733, 0, 1, 0
259740, 0, 0, 0
259746, 0, 1, 0
259753, 0, 0, 0
259759, 0, 1, 0
259766, 0, 0, 0
259772, 0, 1, 0
259779, 0, 0, 0
259784, 0, 1, 0
259792, 0, 0, 0
259797, 0, 1, 0
259804, 0, 0, 0
259810, 0, 1, 0
259817, 0, 0, 0
259823, 0, 1, 0
259830, 0, 0, 0
259836, 0, 1, 0
259843, 0, 0, 0
259849, 0, 1, 0
259856, 0, 0, 0
259861, 0, 1, 0
259868, 0, 0, 0
259874, 0, 1, 0
259881, 0, 0, 0
259887, 0, 1, 0
259894, 0, 0, 0
259900, 0, 1, 0
259907, 0, 0, 0
259913, 0, 1, 0
259920, 0, 0, 0
259925, 0, 1, 0
259932, 0, 0, 0
259938, 0, 1, 0
259945, 0, 0, 0
259951, 0, 1, 0
259958, 0, 0, 0
259964, 0, 1, 0
259971, 0, 0, 0
259977, 0, 1, 0
259984, 0, 0, 0
259989, 0, 1, 0
259996, 0, 0, 0
260002, 0, 1, 0
260009, 0, 0, 0
260015, 0, 1, 0
260022, 0, 0, 0
260028, 0, 1, 0
260035, 0, 0, 0
260041, 0, 1, 0
260048, 0, 0, 0
260053, 0, 1, 0
260060, 0, 0, 0
260066, 0, 1, 0
260073, 0, 0, 0
260079, 0, 1, 0
260086, 0, 0, 0
260092, 0, 1, 0
260099, 0, 0, 0
260105, 0, 1, 0
260112, 0, 0, 0
260117, 0, 1, 0
260124, 0, 0, 0
260130, 0, 1, 0
260137, 0, 0, 0
260143, 0, 1, 0
260150, 0, 0, 0
260156, 0, 1, 0
260163, 0, 0, 0
260169, 0, 1, 0
260176, 0, 0, 0
260181, 0, 1, 0
260188, 0, 0, 0
260194, 0, 1, 0
260201, 0, 0, 0
260207, 0, 1, 0
260214, 0, 0, 0
260220, 0, 1, 0
260227, 0, 0, 0
260233, 0, 1, 0
260240, 0, 0, 0
260245, 0, 1, 0
260252, 0, 0, 0
260258, 0, 1, 0
260265, 0, 0, 0
260271, 0, 1, 0
260278, 0, 0, 0
260284, 0, 1, 0
260291, 0, 0, 0
260297, 0, 1, 0
260304, 0, 0, 0
260309, 0, 1, 0
260316, 0, 0, 0
260322, 0, 1, 0
260329, 0, 0, 0
260335, 0, 1, 0
260342, 0, 0, 0
260348, 0, 1, 0
260355, 0, 0, 0
260361, 0, 1, 0
260368, 0, 0, 0
260373, 0, 1, 0
260380, 0, 0, 0
260386, 0, 1, 0
260393, 0, 0, 0
260399, 0, 1, 0
260406, 0, 0, 0
260412, 0, 1, 0
260419, 0, 0, 0
260425, 0, 1, 0
260432, 0, 0, 0
260437, 0, 1, 0
260444, 0, 0, 0
260450, 0, 1, 0
260457, 0, 0, 0
260463, 0, 1, 0
260470, 0, 0, 0
260476, 0, 1, 0
260483, 0, 0, 0
260489, 0, 1, 0
260496, 0, 0, 0
260501, 0, 1, 0
260508, 0, 0, 0
260514, 0, 1, 0
260521, 0, 0, 0
260527, 0, 1, 0
260534, 0, 0, 0
260540, 0, 1, 0
260547, 0, 0, 0
260553, 0, 1, 0
260560, 0, 0, 0
260565, 0, 1, 0
260572, 0, 0, 0
260578, 0, 1, 0
260585, 0, 0, 0
260591, 0, 1, 0
260598, 0, 0, 0
260604, 0, 1, 0
260611, 0, 0, 0
260617, 0, 1, 0
260624, 0, 0, 0
260629, 0, 1, 0
260636, 0, 0, 0
260642, 0, 1, 0
260649, 0, 0, 0
260655, 0, 1, 0
260662, 0, 0, 0
260668, 0, 1, 0
260675, 0, 0, 0
260681, 0, 1, 0
260688, 0, 0, 0
260693, 0, 1, 0
260700, 0, 0, 0
260706, 0, 1, 0
260713, 0, 0, 0
260719, 0, 1, 0
260726, 0, 0, 0
260732, 0, 1, 0
260739, 0, 0, 0
260745, 0, 1, 0
260752, 0, 0, 0
260757, 0, 1, 0
260764, 0, 0, 0
260770, 0, 1, 0
260777, 0, 0, 0
260783, 0, 1, 1
260790, 0, 0, 1
260795, 1, 0, 1
260796, 1, 1, 0
260803, 1, 0, 0
260809, 1, 1, 0
260816, 1, 0, 0
260821, 1, 1, 0
260828, 1, 0, 0
260834, 1, 1, 0
260841, 1, 0, 0
260847, 1, 1, 0
260854, 1, 0, 0
260860, 1, 1, 0
260867, 1, 0, 0
260872, 0, 0, 0
260873, 0, 1, 0
260880, 0, 0, 0
260885, 1, 1, 0
260892, 1, 0, 0
260898, 1, 1, 0
260905, 1, 0, 0
260911, 1, 1, 0
260918, 1, 0, 0
260923, 0, 0, 0
260924, 0, 1, 0
260931, 0, 0, 0
260937, 0, 1, 0
260944, 0, 0, 0
260949, 0, 1, 0
260956, 0, 0, 0
260962, 0, 1, 0
260969, 0, 0, 0
260975, 0, 1, 0
260982, 0, 0, 0
260987, 1, 0, 0
260988, 1, 1, 0
260995, 1, 0, 0
261000, 0, 0, 0
261001, 0, 1, 0
261008, 0, 0, 0
261013, 0, 1, 0
261020, 0, 0, 0
261026, 0, 1, 0
261033, 0, 0, 0
261039, 0, 1, 0
261046, 0, 0, 0
261052, 0, 1, 0
261059, 0, 0, 0
261065, 0, 1, 0
261072, 0, 0, 0
261077, 0, 1, 0
261084, 0, 0, 0
261090, 0, 1, 0
261097, 0, 0, 0
261103, 0, 1, 0
261110, 0, 0, 0
261116, 0, 1, 0
261123, 0, 0, 0
261129, 0, 1, 0
261136, 0, 0, 0
261141, 0, 1, 0
261148, 0, 0, 0
261154, 0, 1, 0
261161, 0, 0, 0
261167, 0, 1, 0
261174, 0, 0, 0
261180, 0, 1, 0
261187, 0, 0, 0
261193, 0, 1, 0
261200, 0, 0, 0
261205, 0, 1, 0
261212, 0, 0, 0
261218, 0, 1, 0
261225, 0, 0, 0
261231, 0, 1, 0
261238, 0, 0, 0
261244, 0, 1, 0
261251, 0, 0, 0
261257, 0, 1, 0
261264, 0, 0, 0
261269, 0, 1, 0
261276, 0, 0, 0
261282, 0, 1, 0
261289, 0, 0, 0
261295, 0, 1, 0
261302, 0, 0, 0
261308, 0, 1, 0
261315, 0, 0, 0
261321, 0, 1, 0
261328, 0, 0, 0
261333, 0, 1, 0
261340, 0, 0, 0
261346, 0, 1, 0
261353, 0, 0, 0
261359, 0, 1, 0
261366, 0, 0, 0
261372, 0, 1, 0
261379, 0, 0, 0
261385, 0, 1, 0
261392, 0, 0, 0
261397, 0, 1, 0
261404, 0, 0, 0
261410, 0, 1, 0
261417, 0, 0, 0
261423, 0, 1, 0
261430, 0, 0, 0
261436, 0, 1, 0
261443, 0, 0, 0
261449, 0, 1, 0
261456, 0, 0, 0
261461, 0, 1, 0
261468, 0, 0, 0
261474, 0, 1, 0
261481, 0, 0, 0
261487, 0, 1, 0
261494, 0, 0, 0
261500, 0, 1, 0
261507, 0, 0, 0
261513, 0, 1, 0
261520, 0, 0, 0
261525, 0, 1, 0
261532, 0, 0, 0
261538, 0, 1, 0
261545, 0, 0, 0
261551, 0, 1, 0
261558, 0, 0, 0
261564, 0, 1, 0
261571, 0, 0, 0
261577, 0, 1, 0
261584, 0, 0, 0
261589, 0, 1, 0
261596, 0, 0, 0
261602, 0, 1, 0
261609, 0, 0, 0
261615, 0, 1, 0
261622, 0, 0, 0
261628, 0, 1, 0
261635, 0, 0, 0
261641, 0, 1, 0
261648, 0, 0, 0
261653, 0, 1, 0
261660, 0, 0, 0
261666, 0, 1, 0
261673, 0, 0, 0
261679, 0, 1, 0
261686, 0, 0, 0
261692, 0, 1, 0
261699, 0, 0, 0
261705, 0, 1, 0
261712, 0, 0, 0
261717, 0, 1, 0
261724, 0, 0, 0
261730, 0, 1, 0
261737, 0, 0, 0
261743, 0, 1, 0
261750, 0, 0, 0
261756, 0, 1, 0
261763, 0, 0, 0
261769, 0, 1, 0
261776, 0, 0, 0
261781, 0, 1, 0
261788, 0, 0, 0
261794, 0, 1, 0
261801, 0, 0, 0
261807, 0, 1, 0
261814, 0, 0, 0
261820, 0, 1, 0
261827, 0, 0, 0
261833, 0, 1, 0
261840, 0, 0, 0
261845, 0, 1, 0
261852, 0, 0, 0
261858, 0, 1, 0
261865, 0, 0, 0
261871, 0, 1, 0
261878, 0, 0, 0
261884, 0, 1, 0
261891, 0, 0, 0
261897, 0, 1, 0
261904, 0, 0, 0
261909, 0, 1, 0
261916, 0, 0, 0
261922, 0, 1, 0
261929, 0, 0, 0
261935, 0, 1, 0
261942, 0, 0, 0
261948, 0, 1, 0
261955, 0, 0, 0
261961, 0, 1, 0
261968, 0, 0, 0
261973, 0, 1, 0
261980, 0, 0, 0
261986, 0, 1, 0
261993, 0, 0, 0
261999, 0, 1, 0
262006, 0, 0, 0
262012, 0, 1, 0
262019, 0, 0, 0
262025, 0, 1, 0
262032, 0, 0, 0
262037, 0, 1, 0
262044, 0, 0, 0
262050, 0, 1, 0
262057, 0, 0, 0
262063, 0, 1, 0
262070, 0, 0, 0
262076, 0, 1, 0
262083, 0, 0, 0
262089, 0, 1, 0
262096, 0, 0, 0
262101, 0, 1, 0
262108, 0, 0, 0
262114, 0, 1, 0
262121, 0, 0, 0
262127, 0, 1, 0
262134, 0, 0, 0
262140, 0, 1, 0
262147, 0, 0, 0
262153, 0, 1, 0
262160, 0, 0, 0
262165, 0, 1, 0
262172, 0, 0, 0
262178, 0, 1, 0
262185, 0, 0, 0
262191, 0, 1, 0
262198, 0, 0, 0
262204, 0, 1, 0
262211, 0, 0, 0
262217, 0, 1, 0
262224, 0, 0, 0
262229, 0, 1, 0
262236, 0, 0, 0
262242, 0, 1, 0
262249, 0, 0, 0
262255, 0, 1, 0
262262, 0, 0, 0
262268, 0, 1, 0
262275, 0, 0, 0
262281, 0, 1, 0
262288, 0, 0, 0
262293, 0, 1, 0
262300, 0, 0, 0
262306, 0, 1, 0
262313, 0, 0, 0
262319, 0, 1, 0
262326, 0, 0, 0
262332, 0, 1, 0
262339, 0, 0, 0
262345, 0, 1, 0
262352, 0, 0, 0
262357, 0, 1, 0
262364, 0, 0, 0
262370, 0, 1, 0
262377, 0, 0, 0
262383, 0, 1, 0
262390, 0, 0, 0
262396, 0, 1, 0
262403, 0, 0, 0
262409, 0, 1, 0
262416, 0, 0, 0
262421, 0, 1, 1
262428, 0, 0, 1
262434, 1, 1, 0
262441, 1, 0, 0
262447, 1, 1, 0
262454, 1, 0, 0
262460, 1, 1, 0
262467, 1, 0, 0
262473, 1, 1, 0
262480, 1, 0, 0
262485, 1, 1, 0
262492, 1, 0, 0
262498, 1, 1, 0
262505, 1, 0, 0
262511, 0, 1, 0
262518, 0, 0, 0
262523, 1, 0, 0
262524, 1, 1, 0
262531, 1, 0, 0
262537, 1, 1, 0
262544, 1, 0, 0
262549, 1, 1, 0
262556, 1, 0, 0
262562, 0, 1, 0
262569, 0, 0, 0
262575, 0, 1, 0
262582, 0, 0, 0
262588, 0, 1, 0
262595, 0, 0, 0
262601, 0, 1, 0
262608, 0, 0, 0
262613, 0, 1, 0
262620, 0, 0, 0
262626, 1, 1, 0
262633, 1, 0, 0
262639, 0, 1, 0
262646, 0, 0, 0
262652, 0, 1, 0
262659, 0, 0, 0
262665, 0, 1, 0
262672, 0, 0, 0
262677, 0, 1, 0
262684, 0, 0, 0
262690, 0, 1, 0
262697, 0, 0, 0
262703, 0, 1, 0
262710, 0, 0, 0
262716, 0, 1, 0
262723, 0, 0, 0
262729, 0, 1, 0
262736, 0, 0, 0
262741, 0, 1, 0
262748, 0, 0, 0
262754, 0, 1, 0
262761, 0, 0, 0
262767, 0, 1, 0
262774, 0, 0, 0
262780, 0, 1, 0
262787, 0, 0, 0
262793, 0, 1, 0
262800, 0, 0, 0
262805, 0, 1, 0
262812, 0, 0, 0
262818, 0, 1, 0
262825, 0, 0, 0
262831, 0, 1, 0
262838, 0, 0, 0
262844, 0, 1, 0
262851, 0, 0, 0
262857, 0, 1, 0
262864, 0, 0, 0
262869, 0, 1, 0
262876, 0, 0, 0
262882, 0, 1, 0
262889, 0, 0, 0
262895, 0, 1, 0
262902, 0, 0, 0
262908, 0, 1, 0
262915, 0, 0, 0
262921, 0, 1, 0
262928, 0, 0, 0
262933, 0, 1, 0
262940, 0, 0, 0
262946, 0, 1, 0
262953, 0, 0, 0
262959, 0, 1, 0
262966, 0, 0, 0
262972, 0, 1, 0
262979, 0, 0, 0
262985, 0, 1, 0
262992, 0, 0, 0
262997, 0, 1, 0
263004, 0, 0, 0
263010, 0, 1, 0
263017, 0, 0, 0
263023, 0, 1, 0
263030, 0, 0, 0
263036, 0, 1, 0
263043, 0, 0, 0
263049, 0, 1, 0
263056, 0, 0, 0
263061, 0, 1, 0
263068, 0, 0, 0
263074, 0, 1, 0
263081, 0, 0, 0
263087, 0, 1, 0
263094, 0, 0, 0
263100, 0, 1, 0
263107, 0, 0, 0
263113, 0, 1, 0
263120, 0, 0, 0
263125, 0, 1, 0
263132, 0, 0, 0
263138, 0, 1, 0
263145, 0, 0, 0
263151, 0, 1, 0
263158, 0, 0, 0
263164, 0, 1, 0
263171, 0, 0, 0
263177, 0, 1, 0
263184, 0, 0, 0
263189, 0, 1, 0
263196, 0, 0, 0
263202, 0, 1, 0
263209, 0, 0, 0
263215, 0, 1, 0
263222, 0, 0, 0
263228, 0, 1, 0
263235, 0, 0, 0
263241, 0, 1, 0
263248, 0, 0, 0
263253, 0, 1, 0
263260, 0, 0, 0
263266, 0, 1, 0
263273, 0, 0, 0
263279, 0, 1, 0
263286, 0, 0, 0
263292, 0, 1, 0
263299, 0, 0, 0
263305, 0, 1, 0
263312, 0, 0, 0
263317, 0, 1, 0
263324, 0, 0, 0
263330, 0, 1, 0
263337, 0, 0, 0
263343, 0, 1, 0
263350, 0, 0, 0
263356, 0, 1, 0
263363, 0, 0, 0
263369, 0, 1, 0
263376, 0, 0, 0
263381, 0, 1, 0
263388, 0, 0, 0
263394, 0, 1, 0
263401, 0, 0, 0
263407, 0, 1, 0
263414, 0, 0, 0
263420, 0, 1, 0
263427, 0, 0, 0
263433, 0, 1, 0
263440, 0, 0, 0
263445, 0, 1, 0
263452, 0, 0, 0
263458, 0, 1, 0
263465, 0, 0, 0
263471, 0, 1, 0
263478, 0, 0, 0
263484, 0, 1, 0
263491, 0, 0, 0
263497, 0, 1, 0
263504, 0, 0, 0
263509, 0, 1, 0
263516, 0, 0, 0
263522, 0, 1, 0
263529, 0, 0, 0
263535, 0, 1, 0
263542, 0, 0, 0
263548, 0, 1, 0
263555, 0, 0, 0
263561, 0, 1, 0
263568, 0, 0, 0
263573, 0, 1, 0
263580, 0, 0, 0
263586, 0, 1, 0
263593, 0, 0, 0
263599, 0, 1, 0
263606, 0, 0, 0
263612, 0, 1, 0
263619, 0, 0, 0
263625, 0, 1, 0
263632, 0, 0, 0
263637, 0, 1, 0
263644, 0, 0, 0
263650, 0, 1, 0
263657, 0, 0, 0
263663, 0, 1, 0
263670, 0, 0, 0
263676, 0, 1, 0
263683, 0, 0, 0
263689, 0, 1, 0
263696, 0, 0, 0
263701, 0, 1, 0
263708, 0, 0, 0
263714, 0, 1, 0
263721, 0, 0, 0
263727, 0, 1, 0
263734, 0, 0, 0
263740, 0, 1, 0
263747, 0, 0, 0
263753, 0, 1, 0
263760, 0, 0, 0
263765, 0, 1, 0
263772, 0, 0, 0
263778, 0, 1, 0
263785, 0, 0, 0
263791, 0, 1, 0
263798, 0, 0, 0
263804, 0, 1, 0
263811, 0, 0, 0
263817, 0, 1, 0
263824, 0, 0, 0
263829, 0, 1, 0
263836, 0, 0, 0
263842, 0, 1, 0
263849, 0, 0, 0
263855, 0, 1, 0
263862, 0, 0, 0
263868, 0, 1, 0
263875, 0, 0, 0
263881, 0, 1, 0
263888, 0, 0, 0
263893, 0, 1, 0
263900, 0, 0, 0
263906, 0, 1, 0
263913, 0, 0, 0
263919, 0, 1, 0
263926, 0, 0, 0
263932, 0, 1, 0
263939, 0, 0, 0
263945, 0, 1, 0
263952, 0, 0, 0
263957, 0, 1, 0
263965, 0, 0, 0
263970, 0, 1, 0
263977, 0, 0, 0
263983, 0, 1, 0
263990, 0, 0, 0
263996, 0, 1, 0
264003, 0, 0, 0
264009, 0, 1, 0
264016, 0, 0, 0
264021, 0, 1, 0
264029, 0, 0, 0
264034, 0, 1, 0
264041, 0, 0, 0
264047, 0, 1, 0
264054, 0, 0, 0
264060, 0, 1, 1
264067, 0, 0, 1
264072, 1, 0, 0
264073, 1, 1, 0
264080, 1, 0, 0
264085, 1, 1, 0
264093, 1, 0, 0
264098, 1, 1, 0
264105, 1, 0, 0
264111, 1, 1, 0
264118, 1, 0, 0
264124, 1, 1, 0
264131, 1, 0, 0
264137, 1, 1, 0
264144, 1, 0, 0
264149, 0, 1, 0
264157, 0, 0, 0
264162, 1, 1, 0
264169, 1, 0, 0
264175, 1, 1, 0
264182, 1, 0, 0
264188, 1, 1, 0
264195, 1, 0, 0
264200, 0, 0, 0
264201, 0, 1, 0
264208, 0, 0, 0
264213, 0, 1, 0
264221, 0, 0, 0
264226, 0, 1, 0
264233, 0, 0, 0
264239, 0, 1, 0
264246, 0, 0, 0
264252, 0, 1, 0
264259, 0, 0, 0
264264, 1, 0, 0
264265, 1, 1, 0
264272, 1, 0, 0
264277, 0, 1, 0
264285, 0, 0, 0
264290, 0, 1, 0
264297, 0, 0, 0
264303, 0, 1, 0
264310, 0, 0, 0
264316, 0, 1, 0
264323, 0, 0, 0
264329, 0, 1, 0
264336, 0, 0, 0
264341, 0, 1, 0
264349, 0, 0, 0
264354, 0, 1, 0
264361, 0, 0, 0
264367, 0, 1, 0
264374, 0, 0, 0
264380, 0, 1, 0
264387, 0, 0, 0
264393, 0, 1, 0
264400, 0, 0, 0
264405, 0, 1, 0
264413, 0, 0, 0
264418, 0, 1, 0
264425, 0, 0, 0
264431, 0, 1, 0
264438, 0, 0, 0
264444, 0, 1, 0
264451, 0, 0, 0
264457, 0, 1, 0
264464, 0, 0, 0
264469, 0, 1, 0
264477, 0, 0, 0
264482, 0, 1, 0
264489, 0, 0, 0
264495, 0, 1, 0
264502, 0, 0, 0
264508, 0, 1, 0
264515, 0, 0, 0
264521, 0, 1, 0
264528, 0, 0, 0
264533, 0, 1, 0
264541, 0, 0, 0
264546, 0, 1, 0
264553, 0, 0, 0
264559, 0, 1, 0
264566, 0, 0, 0
264572, 0, 1, 0
264579, 0, 0, 0
264585, 0, 1, 0
264592, 0, 0, 0
264597, 0, 1, 0
264605, 0, 0, 0
264610, 0, 1, 0
264617, 0, 0, 0
264623, 0, 1, 0
264630, 0, 0, 0
264636, 0, 1, 0
264643, 0, 0, 0
264649, 0, 1, 0
264656, 0, 0, 0
264661, 0, 1, 0
264669, 0, 0, 0
264674, 0, 1, 0
264681, 0, 0, 0
264687, 0, 1, 0
264694, 0, 0, 0
264700, 0, 1, 0
264707, 0, 0, 0
264713, 0, 1, 0
264720, 0, 0, 0
264725, 0, 1, 0
264733, 0, 0, 0
264738, 0, 1, 0
264745, 0, 0, 0
264751, 0, 1, 0
264758, 0, 0, 0
264764, 0, 1, 0
264771, 0, 0, 0
264777, 0, 1, 0
264784, 0, 0, 0
264790, 0, 1, 0
264797, 0, 0, 0
264802, 0, 1, 0
264809, 0, 0, 0
264815, 0, 1, 0
264822, 0, 0, 0
264828, 0, 1, 0
264835, 0, 0, 0
264841, 0, 1, 0
264848, 0, 0, 0
264854, 0, 1, 0
264861, 0, 0, 0
264866, 0, 1, 0
264873, 0, 0, 0
264879, 0, 1, 0
264886, 0, 0, 0
264892, 0, 1, 0
264899, 0, 0, 0
264905, 0, 1, 0
264912, 0, 0, 0
264918, 0, 1, 0
264925, 0, 0, 0
264930, 0, 1, 0
264937, 0, 0, 0
264943, 0, 1, 0
264950, 0, 0, 0
264956, 0, 1, 0
264963, 0, 0, 0
264969, 0, 1, 0
264976, 0, 0, 0
264982, 0, 1, 0
264989, 0, 0, 0
264994, 0, 1, 0
265001, 0, 0, 0
265007, 0, 1, 0
265014, 0, 0, 0
265020, 0, 1, 0
265027, 0, 0, 0
265033, 0, 1, 0
265040, 0, 0, 0
265046, 0, 1, 0
265053, 0, 0, 0
265058, 0, 1, 0
265065, 0, 0, 0
265071, 0, 1, 0
265078, 0, 0, 0
265084, 0, 1, 0
265091, 0, 0, 0
265097, 0, 1, 0
265104, 0, 0, 0
265110, 0, 1, 0
265117, 0, 0, 0
265122, 0, 1, 0
265129, 0, 0, 0
265135, 0, 1, 0
265142, 0, 0, 0
265148, 0, 1, 0
265155, 0, 0, 0
265161, 0, 1, 0
265168, 0, 0, 0
265174, 0, 1, 0
265181, 0, 0, 0
265186, 0, 1, 0
265193, 0, 0, 0
265199, 0, 1, 0
265206, 0, 0, 0
265212, 0, 1, 0
265219, 0, 0, 0
265225, 0, 1, 0
265232, 0, 0, 0
265238, 0, 1, 0
265245, 0, 0, 0
265250, 0, 1, 0
265257, 0, 0, 0
265263, 0, 1, 0
265270, 0, 0, 0
265276, 0, 1, 0
265283, 0, 0, 0
265289, 0, 1, 0
265296, 0, 0, 0
265302, 0, 1, 0
265309, 0, 0, 0
265314, 0, 1, 0
265321, 0, 0, 0
265327, 0, 1, 0
265334, 0, 0, 0
265340, 0, 1, 0
265347, 0, 0, 0
265353, 0, 1, 0
265360, 0, 0, 0
265366, 0, 1, 0
265373, 0, 0, 0
265378, 0, 1, 0
265385, 0, 0, 0
265391, 0, 1, 0
265398, 0, 0, 0
265404, 0, 1, 0
265411, 0, 0, 0
265417, 0, 1, 0
265424, 0, 0, 0
265430, 0, 1, 0
265437, 0, 0, 0
265442, 0, 1, 0
265449, 0, 0, 0
265455, 0, 1, 0
265462, 0, 0, 0
265468, 0, 1, 0
265475, 0, 0, 0
265481, 0, 1, 0
265488, 0, 0, 0
265494, 0, 1, 0
265501, 0, 0, 0
265506, 0, 1, 0
265513, 0, 0, 0
265519, 0, 1, 0
265526, 0, 0, 0
265532, 0, 1, 0
265539, 0, 0, 0
265545, 0, 1, 0
265552, 0, 0, 0
265558, 0, 1, 0
265565, 0, 0, 0
265570, 0, 1, 0
265577, 0, 0, 0
265583, 0, 1, 0
265590, 0, 0, 0
265596, 0, 1, 0
265603, 0, 0, 0
265609, 0, 1, 0
265616, 0, 0, 0
265622, 0, 1, 0
265629, 0, 0, 0
265634, 0, 1, 0
265641, 0, 0, 0
265647, 0, 1, 0
265654, 0, 0, 0
265660, 0, 1, 0
265667, 0, 0, 0
265673, 0, 1, 0
265680, 0, 0, 0
265686, 0, 1, 0
265693, 0, 0, 0
265698, 0, 1, 1
265705, 0, 0, 1
265711, 1, 1, 0
265718, 1, 0, 0
265724, 1, 1, 0
265731, 1, 0, 0
265737, 1, 1, 0
265744, 1, 0, 0
265750, 1, 1, 0
265757, 1, 0, 0
265762, 1, 1, 0
265769, 1, 0, 0
265775, 1, 1, 0
265782, 1, 0, 0
265788, 0, 1, 0
265795, 0, 0, 0
265800, 1, 0, 0
265801, 1, 1, 0
265808, 1, 0, 0
265814, 1, 1, 0
265821, 1, 0, 0
265826, 1, 1, 0
265833, 1, 0, 0
265839, 0, 1, 0
265846, 0, 0, 0
265852, 0, 1, 0
265859, 0, 0, 0
265865, 0, 1, 0
265872, 0, 0, 0
265878, 0, 1, 0
265885, 0, 0, 0
265890, 0, 1, 0
265897, 0, 0, 0
265903, 1, 1, 0
265910, 1, 0, 0
265916, 0, 1, 0
265923, 0, 0, 0
265929, 0, 1, 0
265936, 0, 0, 0
265942, 0, 1, 0
265949, 0, 0, 0
265954, 0, 1, 0
265961, 0, 0, 0
265967, 0, 1, 0
265974, 0, 0, 0
265980, 0, 1, 0
265987, 0, 0, 0
265993, 0, 1, 0
266000, 0, 0, 0
266006, 0, 1, 0
266013, 0, 0, 0
266018, 0, 1, 0
266025, 0, 0, 0
266031, 0, 1, 0
266038, 0, 0, 0
266044, 0, 1, 0
266051, 0, 0, 0
266057, 0, 1, 0
266064, 0, 0, 0
266070, 0, 1, 0
266077, 0, 0, 0
266082, 0, 1, 0
266089, 0, 0, 0
266095, 0, 1, 0
266102, 0, 0, 0
266108, 0, 1, 0
266115, 0, 0, 0
266121, 0, 1, 0
266128, 0, 0, 0
266134, 0, 1, 0
266141, 0, 0, 0
266146, 0, 1, 0
266153, 0, 0, 0
266159, 0, 1, 0
266166, 0, 0, 0
266172, 0, 1, 0
266179, 0, 0, 0
266185, 0, 1, 0
266192, 0, 0, 0
266198, 0, 1, 0
266205, 0, 0, 0
266210, 0, 1, 0
266217, 0, 0, 0
266223, 0, 1, 0
266230, 0, 0, 0
266236, 0, 1, 0
266243, 0, 0, 0
266249, 0, 1, 0
266256, 0, 0, 0
266262, 0, 1, 0
266269, 0, 0, 0
266274, 0, 1, 0
266281, 0, 0, 0
266287, 0, 1, 0
266294, 0, 0, 0
266300, 0, 1, 0
266307, 0, 0, 0
266313, 0, 1, 0
266320, 0, 0, 0
266326, 0, 1, 0
266333, 0, 0, 0
266338, 0, 1, 0
266345, 0, 0, 0
266351, 0, 1, 0
266358, 0, 0, 0
266364, 0, 1, 0
266371, 0, 0, 0
266377, 0, 1, 0
266384, 0, 0, 0
266390, 0, 1, 0
266397, 0, 0, 0
266402, 0, 1, 0
266409, 0, 0, 0
266415, 0, 1, 0
266422, 0, 0, 0
266428, 0, 1, 0
266435, 0, 0, 0
266441, 0, 1, 0
266448, 0, 0, 0
266454, 0, 1, 0
266461, 0, 0, 0
266466, 0, 1, 0
266473, 0, 0, 0
266479, 0, 1, 0
266486, 0, 0, 0
266492, 0, 1, 0
266499, 0, 0, 0
266505, 0, 1, 0
266512, 0, 0, 0
266518, 0, 1, 0
266525, 0, 0, 0
266530, 0, 1, 0
266537, 0, 0, 0
266543, 0, 1, 0
266550, 0, 0, 0
266556, 0, 1, 0
266563, 0, 0, 0
266569, 0, 1, 0
266576, 0, 0, 0
266582, 0, 1, 0
266589, 0, 0, 0
266594, 0, 1, 0
266601, 0, 0, 0
266607, 0, 1, 0
266614, 0, 0, 0
266620, 0, 1, 0
266627, 0, 0, 0
266633, 0, 1, 0
266640, 0, 0, 0
266646, 0, 1, 0
266653, 0, 0, 0
266658, 0, 1, 0
266665, 0, 0, 0
266671, 0, 1, 0
266678, 0, 0, 0
266684, 0, 1, 0
266691, 0, 0, 0
266697, 0, 1, 0
266704, 0, 0, 0
266710, 0, 1, 0
266717, 0, 0, 0
266722, 0, 1, 0
266729, 0, 0, 0
266735, 0, 1, 0
266742, 0, 0, 0
266748, 0, 1, 0
266755, 0, 0, 0
266761, 0, 1, 0
266768, 0, 0, 0
266774, 0, 1, 0
266781, 0, 0, 0
266786, 0, 1, 0
266793, 0, 0, 0
266799, 0, 1, 0
266806, 0, 0, 0
266812, 0, 1, 0
266819, 0, 0, 0
266825, 0, 1, 0
266832, 0, 0, 0
266838, 0, 1, 0
266845, 0, 0, 0
266850, 0, 1, 0
266857, 0, 0, 0
266863, 0, 1, 0
266870, 0, 0, 0
266876, 0, 1, 0
266883, 0, 0, 0
266889, 0, 1, 0
266896, 0, 0, 0
266902, 0, 1, 0
266909, 0, 0, 0
266914, 0, 1, 0
266921, 0, 0, 0
266927, 0, 1, 0
266934, 0, 0, 0
266940, 0, 1, 0
266947, 0, 0, 0
266953, 0, 1, 0
266960, 0, 0, 0
266966, 0, 1, 0
266973, 0, 0, 0
266978, 0, 1, 0
266985, 0, 0, 0
266991, 0, 1, 0
266998, 0, 0, 0
267004, 0, 1, 0
267011, 0, 0, 0
267017, 0, 1, 0
267024, 0, 0, 0
267030, 0, 1, 0
267037, 0, 0, 0
267042, 0, 1, 0
267049, 0, 0, 0
267055, 0, 1, 0
267062, 0, 0, 0
267068, 0, 1, 0
267075, 0, 0, 0
267081, 0, 1, 0
267088, 0, 0, 0
267094, 0, 1, 0
267101, 0, 0, 0
267106, 0, 1, 0
267113, 0, 0, 0
267119, 0, 1, 0
267126, 0, 0, 0
267132, 0, 1, 0
267139, 0, 0, 0
267145, 0, 1, 0
267152, 0, 0, 0
267158, 0, 1, 0
267165, 0, 0, 0
267170, 0, 1, 0
267177, 0, 0, 0
267183, 0, 1, 0
267190, 0, 0, 0
267196, 0, 1, 0
267203, 0, 0, 0
267209, 0, 1, 0
267216, 0, 0, 0
267222, 0, 1, 0
267229, 0, 0, 0
267234, 0, 1, 0
267241, 0, 0, 0
267247, 0, 1, 0
267254, 0, 0, 0
267260, 0, 1, 0
267267, 0, 0, 0
267273, 0, 1, 0
267280, 0, 0, 0
267286, 0, 1, 0
267293, 0, 0, 0
267298, 0, 1, 0
267305, 0, 0, 0
267311, 0, 1, 0
267318, 0, 0, 0
267324, 0, 1, 0
267331, 0, 0, 0
267337, 0, 1, 1
267344, 0, 0, 1
267349, 1, 0, 0
267350, 1, 1, 0
267357, 1, 0, 0
267362, 1, 1, 0
267369, 1, 0, 0
267375, 1, 1, 0
267382, 1, 0, 0
267388, 1, 1, 0
267395, 1, 0, 0
267401, 1, 1, 0
267408, 1, 0, 0
267414, 1, 1, 0
267421, 1, 0, 0
267426, 0, 1, 0
267433, 0, 0, 0
267439, 1, 1, 0
267446, 1, 0, 0
267452, 1, 1, 0
267459, 1, 0, 0
267465, 1, 1, 0
267472, 1, 0, 0
267477, 0, 0, 0
267478, 0, 1, 0
267485, 0, 0, 0
267490, 0, 1, 0
267497, 0, 0, 0
267503, 0, 1, 0
267510, 0, 0, 0
267516, 0, 1, 0
267523, 0, 0, 0
267529, 0, 1, 0
267536, 0, 0, 0
267541, 1, 0, 0
267542, 1, 1, 0
267549, 1, 0, 0
267554, 0, 1, 0
267561, 0, 0, 0
267567, 0, 1, 0
267574, 0, 0, 0
267580, 0, 1, 0
267587, 0, 0, 0
267593, 0, 1, 0
267600, 0, 0, 0
267606, 0, 1, 0
267613, 0, 0, 0
267618, 0, 1, 0
267625, 0, 0, 0
267631, 0, 1, 0
267638, 0, 0, 0
267644, 0, 1, 0
267651, 0, 0, 0
267657, 0, 1, 0
267664, 0, 0, 0
267670, 0, 1, 0
267677, 0, 0, 0
267682, 0, 1, 0
267689, 0, 0, 0
267695, 0, 1, 0
267702, 0, 0, 0
267708, 0, 1, 0
267715, 0, 0, 0
267721, 0, 1, 0
267728, 0, 0, 0
267734, 0, 1, 0
267741, 0, 0, 0
267746, 0, 1, 0
267753, 0, 0, 0
267759, 0, 1, 0
267766, 0, 0, 0
267772, 0, 1, 0
267779, 0, 0, 0
267785, 0, 1, 0
267792, 0, 0, 0
267798, 0, 1, 0
267805, 0, 0, 0
267810, 0, 1, 0
267817, 0, 0, 0
267823, 0, 1, 0
267830, 0, 0, 0
267836, 0, 1, 0
267843, 0, 0, 0
267849, 0, 1, 0
267856, 0, 0, 0
267862, 0, 1, 0
267869, 0, 0, 0
267874, 0, 1, 0
267881, 0, 0, 0
267887, 0, 1, 0
267894, 0, 0, 0
267900, 0, 1, 0
267907, 0, 0, 0
267913, 0, 1, 0
267920, 0, 0, 0
267926, 0, 1, 0
267933, 0, 0, 0
267938, 0, 1, 0
267945, 0, 0, 0
267951, 0, 1, 0
267958, 0, 0, 0
267964, 0, 1, 0
267971, 0, 0, 0
267977, 0, 1, 0
267984, 0, 0, 0
267990, 0, 1, 0
267997, 0, 0, 0
268002, 0, 1, 0
268009, 0, 0, 0
268015, 0, 1, 0
268022, 0, 0, 0
268028, 0, 1, 0
268035, 0, 0, 0
268041, 0, 1, 0
268048, 0, 0, 0
268054, 0, 1, 0
268061, 0, 0, 0
268066, 0, 1, 0
268073, 0, 0, 0
268079, 0, 1, 0
268086, 0, 0, 0
268092, 0, 1, 0
268099, 0, 0, 0
268105, 0, 1, 0
268112, 0, 0, 0
268118, 0, 1, 0
268125, 0, 0, 0
268130, 0, 1, 0
268137, 0, 0, 0
268143, 0, 1, 0
268150, 0, 0, 0
268156, 0, 1, 0
268163, 0, 0, 0
268169, 0, 1, 0
268176, 0, 0, 0
268182, 0, 1, 0
268189, 0, 0, 0
268194, 0, 1, 0
268201, 0, 0, 0
268207, 0, 1, 0
268214, 0, 0, 0
268220, 0, 1, 0
268227, 0, 0, 0
268233, 0, 1, 0
268240, 0, 0, 0
268246, 0, 1, 0
268253, 0, 0, 0
268258, 0, 1, 0
268265, 0, 0, 0
268271, 0, 1, 0
268278, 0, 0, 0
268284, 0, 1, 0
268291, 0, 0, 0
268297, 0, 1, 0
268304, 0, 0, 0
268310, 0, 1, 0
268317, 0, 0, 0
268322, 0, 1, 0
268329, 0, 0, 0
268335, 0, 1, 0
268342, 0, 0, 0
268348, 0, 1, 0
268355, 0, 0, 0
268361, 0, 1, 0
268368, 0, 0, 0
268374, 0, 1, 0
268381, 0, 0, 0
268386, 0, 1, 0
268393, 0, 0, 0
268399, 0, 1, 0
268406, 0, 0, 0
268412, 0, 1, 0
268419, 0, 0, 0
268425, 0, 1, 0
268432, 0, 0, 0
268438, 0, 1, 0
268445, 0, 0, 0
268450, 0, 1, 0
268457, 0, 0, 0
268463, 0, 1, 0
268470, 0, 0, 0
268476, 0, 1, 0
268483, 0, 0, 0
268489, 0, 1, 0
268496, 0, 0, 0
268502, 0, 1, 0
268509, 0, 0, 0
268514, 0, 1, 0
268521, 0, 0, 0
268527, 0, 1, 0
268534, 0, 0, 0
268540, 0, 1, 0
268547, 0, 0, 0
268553, 0, 1, 0
268560, 0, 0, 0
268566, 0, 1, 0
268573, 0, 0, 0
268578, 0, 1, 0
268585, 0, 0, 0
268591, 0, 1, 0
268598, 0, 0, 0
268604, 0, 1, 0
268611, 0, 0, 0
268617, 0, 1, 0
268624, 0, 0, 0
268630, 0, 1, 0
268637, 0, 0, 0
268642, 0, 1, 0
268649, 0, 0, 0
268655, 0, 1, 0
268662, 0, 0, 0
268668, 0, 1, 0
268675, 0, 0, 0
268681, 0, 1, 0
268688, 0, 0, 0
268694, 0, 1, 0
268701, 0, 0, 0
268706, 0, 1, 0
268713, 0, 0, 0
268719, 0, 1, 0
268726, 0, 0, 0
268732, 0, 1, 0
268739, 0, 0, 0
268745, 0, 1, 0
268752, 0, 0, 0
268758, 0, 1, 0
268765, 0, 0, 0
268770, 0, 1, 0
268777, 0, 0, 0
268783, 0, 1, 0
268790, 0, 0, 0
268796, 0, 1, 0
268803, 0, 0, 0
268809, 0, 1, 0
268816, 0, 0, 0
268822, 0, 1, 0
268829, 0, 0, 0
268834, 0, 1, 0
268841, 0, 0, 0
268847, 0, 1, 0
268854, 0, 0, 0
268860, 0, 1, 0
268867, 0, 0, 0
268873, 0, 1, 0
268880, 0, 0, 0
268886, 0, 1, 0
268893, 0, 0, 0
268898, 0, 1, 0
268906, 0, 0, 0
268911, 0, 1, 0
268918, 0, 0, 0
268924, 0, 1, 0
268931, 0, 0, 0
268937, 0, 1, 0
268944, 0, 0, 0
268950, 0, 1, 0
268957, 0, 0, 0
268962, 0, 1, 0
268970, 0, 0, 0
268975, 0, 1, 1
268982, 0, 0, 1
268988, 1, 1, 0
268995, 1, 0, 0
269001, 1, 1, 0
269008, 1, 0, 0
269014, 1, 1, 0
269021, 1, 0, 0
269026, 1, 1, 0
269034, 1, 0, 0
269039, 1, 1, 0
269046, 1, 0, 0
269052, 1, 1, 0
269059, 1, 0, 0
269064, 0, 0, 0
269065, 0, 1, 0
269072, 0, 0, 0
269077, 1, 0, 0
269078, 1, 1, 0
269085, 1, 0, 0
269090, 1, 1, 0
269098, 1, 0, 0
269103, 1, 1, 0
269110, 1, 0, 0
269116, 0, 1, 0
269123, 0, 0, 0
269129, 0, 1, 0
269136, 0, 0, 0
269142, 0, 1, 0
269149, 0, 0, 0
269154, 0, 1, 0
269162, 0, 0, 0
269167, 0, 1, 0
269174, 0, 0, 0
269180, 1, 1, 0
269187, 1, 0, 0
269192, 0, 0, 0
269193, 0, 1, 0
269200, 0, 0, 0
269206, 0, 1, 0
269213, 0, 0, 0
269218, 0, 1, 0
269226, 0, 0, 0
269231, 0, 1, 0
269238, 0, 0, 0
269244, 0, 1, 0
269251, 0, 0, 0
269257, 0, 1, 0
269264, 0, 0, 0
269270, 0, 1, 0
269277, 0, 0, 0
269282, 0, 1, 0
269290, 0, 0, 0
269295, 0, 1, 0
269302, 0, 0, 0
269308, 0, 1, 0
269315, 0, 0, 0
269321, 0, 1, 0
269328, 0, 0, 0
269334, 0, 1, 0
269341, 0, 0, 0
269346, 0, 1, 0
269354, 0, 0, 0
269359, 0, 1, 0
269366, 0, 0, 0
269372, 0, 1, 0
269379, 0, 0, 0
269385, 0, 1, 0
269392, 0, 0, 0
269398, 0, 1, 0
269405, 0, 0, 0
269410, 0, 1, 0
269418, 0, 0, 0
269423, 0, 1, 0
269430, 0, 0, 0
269436, 0, 1, 0
269443, 0, 0, 0
269449, 0, 1, 0
269456, 0, 0, 0
269462, 0, 1, 0
269469, 0, 0, 0
269474, 0, 1, 0
269482, 0, 0, 0
269487, 0, 1, 0
269494, 0, 0, 0
269500, 0, 1, 0
269507, 0, 0, 0
269513, 0, 1, 0
269520, 0, 0, 0
269526, 0, 1, 0
269533, 0, 0, 0
269538, 0, 1, 0
269546, 0, 0, 0
269551, 0, 1, 0
269558, 0, 0, 0
269564, 0, 1, 0
269571, 0, 0, 0
269577, 0, 1, 0
269584, 0, 0, 0
269590, 0, 1, 0
269597, 0, 0, 0
269602, 0, 1, 0
269610, 0, 0, 0
269615, 0, 1, 0
269622, 0, 0, 0
269628, 0, 1, 0
269635, 0, 0, 0
269641, 0, 1, 0
269648, 0, 0, 0
269654, 0, 1, 0
269661, 0, 0, 0
269667, 0, 1, 0
269674, 0, 0, 0
269679, 0, 1, 0
269686, 0, 0, 0
269692, 0, 1, 0
269699, 0, 0, 0
269705, 0, 1, 0
269712, 0, 0, 0
269718, 0, 1, 0
269725, 0, 0, 0
269731, 0, 1, 0
269738, 0, 0, 0
269743, 0, 1, 0
269750, 0, 0, 0
269756, 0, 1, 0
269763, 0, 0, 0
269769, 0, 1, 0
269776, 0, 0, 0
269782, 0, 1, 0
269789, 0, 0, 0
269795, 0, 1, 0
269802, 0, 0, 0
269807, 0, 1, 0
269814, 0, 0, 0
269820, 0, 1, 0
269827, 0, 0, 0
269833, 0, 1, 0
269840, 0, 0, 0
269846, 0, 1, 0
269853, 0, 0, 0
269859, 0, 1, 0
269866, 0, 0, 0
269871, 0, 1, 0
269878, 0, 0, 0
269884, 0, 1, 0
269891, 0, 0, 0
269897, 0, 1, 0
269904, 0, 0, 0
269910, 0, 1, 0
269917, 0, 0, 0
269923, 0, 1, 0
269930, 0, 0, 0
269935, 0, 1, 0
269942, 0, 0, 0
269948, 0, 1, 0
269955, 0, 0, 0
269961, 0, 1, 0
269968, 0, 0, 0
269974, 0, 1, 0
269981, 0, 0, 0
269987, 0, 1, 0
269994, 0, 0, 0
269999, 0, 1, 0
270006, 0, 0, 0
270012, 0, 1, 0
270019, 0, 0, 0
270025, 0, 1, 0
270032, 0, 0, 0
270038, 0, 1, 0
270045, 0, 0, 0
270051, 0, 1, 0
270058, 0, 0, 0
270063, 0, 1, 0
270070, 0, 0, 0
270076, 0, 1, 0
270083, 0, 0, 0
270089, 0, 1, 0
270096, 0, 0, 0
270102, 0, 1, 0
270109, 0, 0, 0
270115, 0, 1, 0
270122, 0, 0, 0
270127, 0, 1, 0
270134, 0, 0, 0
270140, 0, 1, 0
270147, 0, 0, 0
270153, 0, 1, 0
270160, 0, 0, 0
270166, 0, 1, 0
270173, 0, 0, 0
270179, 0, 1, 0
270186, 0, 0, 0
270191, 0, 1, 0
270198, 0, 0, 0
270204, 0, 1, 0
270211, 0, 0, 0
270217, 0, 1, 0
270224, 0, 0, 0
270230, 0, 1, 0
270237, 0, 0, 0
270243, 0, 1, 0
270250, 0, 0, 0
270255, 0, 1, 0
270262, 0, 0, 0
270268, 0, 1, 0
270275, 0, 0, 0
270281, 0, 1, 0
270288, 0, 0, 0
270294, 0, 1, 0
270301, 0, 0, 0
270307, 0, 1, 0
270314, 0, 0, 0
270319, 0, 1, 0
270326, 0, 0, 0
270332, 0, 1, 0
270339, 0, 0, 0
270345, 0, 1, 0
270352, 0, 0, 0
270358, 0, 1, 0
270365, 0, 0, 0
270371, 0, 1, 0
270378, 0, 0, 0
270383, 0, 1, 0
270390, 0, 0, 0
270396, 0, 1, 0
270403, 0, 0, 0
270409, 0, 1, 0
270416, 0, 0, 0
270422, 0, 1, 0
270429, 0, 0, 0
270435, 0, 1, 0
270442, 0, 0, 0
270447, 0, 1, 0
270454, 0, 0, 0
270460, 0, 1, 0
270467, 0, 0, 0
270473, 0, 1, 0
270480, 0, 0, 0
270486, 0, 1, 0
270493, 0, 0, 0
270499, 0, 1, 0
270506, 0, 0, 0
270511, 0, 1, 0
270518, 0, 0, 0
270524, 0, 1, 0
270531, 0, 0, 0
270537, 0, 1, 0
270544, 0, 0, 0
270550, 0, 1, 0
270557, 0, 0, 0
270563, 0, 1, 0
270570, 0, 0, 0
270575, 0, 1, 0
270582, 0, 0, 0
270588, 0, 1, 0
270595, 0, 0, 0
270601, 0, 1, 0
270608, 0, 0, 0
270613, 0, 0, 1
270614, 0, 1, 1
270621, 0, 0, 1
270626, 1, 0, 0
270627, 1, 1, 0
270634, 1, 0, 0
270639, 1, 1, 0
270646, 1, 0, 0
270652, 1, 1, 0
270659, 1, 0, 0
270665, 1, 1, 0
270672, 1, 0, 0
270678, 1, 1, 0
270685, 1, 0, 0
270691, 1, 1, 0
270698, 1, 0, 0
270703, 0, 1, 0
270710, 0, 0, 0
270716, 1, 1, 0
270723, 1, 0, 0
270729, 1, 1, 0
270736, 1, 0, 0
270742, 1, 1, 0
270749, 1, 0, 0
270754, 0, 0, 0
270755, 0, 1, 0
270762, 0, 0, 0
270767, 0, 1, 0
270774, 0, 0, 0
270780, 0, 1, 0
270787, 0, 0, 0
270793, 0, 1, 0
270800, 0, 0, 0
270806, 0, 1, 0
270813, 0, 0, 0
270818, 1, 0, 0
270819, 1, 1, 0
270826, 1, 0, 0
270831, 0, 1, 0
270838, 0, 0, 0
270844, 0, 1, 0
270851, 0, 0, 0
270857, 0, 1, 0
270864, 0, 0, 0
270870, 0, 1, 0
270877, 0, 0, 0
270883, 0, 1, 0
270890, 0, 0, 0
270895, 0, 1, 0
270902, 0, 0, 0
270908, 0, 1, 0
270915, 0, 0, 0
270921, 0, 1, 0
270928, 0, 0, 0
270934, 0, 1, 0
270941, 0, 0, 0
270947, 0, 1, 0
270954, 0, 0, 0
270959, 0, 1, 0
270966, 0, 0, 0
270972, 0, 1, 0
270979, 0, 0, 0
270985, 0, 1, 0
270992, 0, 0, 0
270998, 0, 1, 0
271005, 0, 0, 0
271011, 0, 1, 0
271018, 0, 0, 0
271023, 0, 1, 0
271030, 0, 0, 0
271036, 0, 1, 0
271043, 0, 0, 0
271049, 0, 1, 0
271056, 0, 0, 0
271062, 0, 1, 0
271069, 0, 0, 0
271075, 0, 1, 0
271082, 0, 0, 0
271087, 0, 1, 0
271094, 0, 0, 0
271100, 0, 1, 0
271107, 0, 0, 0
271113, 0, 1, 0
271120, 0, 0, 0
271126, 0, 1, 0
271133, 0, 0, 0
271139, 0, 1, 0
271146, 0, 0, 0
271151, 0, 1, 0
271158, 0, 0, 0
271164, 0, 1, 0
271171, 0, 0, 0
271177, 0, 1, 0
271184, 0, 0, 0
271190, 0, 1, 0
271197, 0, 0, 0
271203, 0, 1, 0
271210, 0, 0, 0
271215, 0, 1, 0
271222, 0, 0, 0
271228, 0, 1, 0
271235, 0, 0, 0
271241, 0, 1, 0
271248, 0, 0, 0
271254, 0, 1, 0
271261, 0, 0, 0
271267, 0, 1, 0
271274, 0, 0, 0
271279, 0, 1, 0
271286, 0, 0, 0
271292, 0, 1, 0
271299, 0, 0, 0
271305, 0, 1, 0
271312, 0, 0, 0
271318, 0, 1, 0
271325, 0, 0, 0
271331, 0, 1, 0
271338, 0, 0, 0
271343, 0, 1, 0
271350, 0, 0, 0
271356, 0, 1, 0
271363, 0, 0, 0
271369, 0, 1, 0
271376, 0, 0, 0
271382, 0, 1, 0
271389, 0, 0, 0
271395, 0, 1, 0
271402, 0, 0, 0
271407, 0, 1, 0
271414, 0, 0, 0
271420, 0, 1, 0
271427, 0, 0, 0
271433, 0, 1, 0
271440, 0, 0, 0
271446, 0, 1, 0
271453, 0, 0, 0
271459, 0, 1, 0
271466, 0, 0, 0
271471, 0, 1, 0
271478, 0, 0, 0
271484, 0, 1, 0
271491, 0, 0, 0
271497, 0, 1, 0
271504, 0, 0, 0
271510, 0, 1, 0
271517, 0, 0, 0
271523, 0, 1, 0
271530, 0, 0, 0
271535, 0, 1, 0
271542, 0, 0, 0
271548, 0, 1, 0
271555, 0, 0, 0
271561, 0, 1, 0
271568, 0, 0, 0
271574, 0, 1, 0
271581, 0, 0, 0
271587, 0, 1, 0
271594, 0, 0, 0
271599, 0, 1, 0
271606, 0, 0, 0
271612, 0, 1, 0
271619, 0, 0, 0
271625, 0, 1, 0
271632, 0, 0, 0
271638, 0, 1, 0
271645, 0, 0, 0
271651, 0, 1, 0
271658, 0, 0, 0
271663, 0, 1, 0
271670, 0, 0, 0
271676, 0, 1, 0
271683, 0, 0, 0
271689, 0, 1, 0
271696, 0, 0, 0
271702, 0, 1, 0
271709, 0, 0, 0
271715, 0, 1, 0
271722, 0, 0, 0
271727, 0, 1, 0
271734, 0, 0, 0
271740, 0, 1, 0
271747, 0, 0, 0
271753, 0, 1, 0
271760, 0, 0, 0
271766, 0, 1, 0
271773, 0, 0, 0
271779, 0, 1, 0
271786, 0, 0, 0
271791, 0, 1, 0
271798, 0, 0, 0
271804, 0, 1, 0
271811, 0, 0, 0
271817, 0, 1, 0
271824, 0, 0, 0
271830, 0, 1, 0
271837, 0, 0, 0
271843, 0, 1, 0
271850, 0, 0, 0
271855, 0, 1, 0
271862, 0, 0, 0
271868, 0, 1, 0
271875, 0, 0, 0
271881, 0, 1, 0
271888, 0, 0, 0
271894, 0, 1, 0
271901, 0, 0, 0
271907, 0, 1, 0
271914, 0, 0, 0
271919, 0, 1, 0
271926, 0, 0, 0
271932, 0, 1, 0
271939, 0, 0, 0
271945, 0, 1, 0
271952, 0, 0, 0
271958, 0, 1, 0
271965, 0, 0, 0
271971, 0, 1, 0
271978, 0, 0, 0
271983, 0, 1, 0
271990, 0, 0, 0
271996, 0, 1, 0
272003, 0, 0, 0
272009, 0, 1, 0
272016, 0, 0, 0
272022, 0, 1, 0
272029, 0, 0, 0
272035, 0, 1, 0
272042, 0, 0, 0
272047, 0, 1, 0
272054, 0, 0, 0
272060, 0, 1, 0
272067, 0, 0, 0
272073, 0, 1, 0
272080, 0, 0, 0
272086, 0, 1, 0
272093, 0, 0, 0
272099, 0, 1, 0
272106, 0, 0, 0
272111, 0, 1, 0
272118, 0, 0, 0
272124, 0, 1, 0
272131, 0, 0, 0
272137, 0, 1, 0
272144, 0, 0, 0
272150, 0, 1, 0
272157, 0, 0, 0
272163, 0, 1, 0
272170, 0, 0, 0
272175, 0, 1, 0
272182, 0, 0, 0
272188, 0, 1, 0
272195, 0, 0, 0
272201, 0, 1, 0
272208, 0, 0, 0
272214, 0, 1, 0
272221, 0, 0, 0
272227, 0, 1, 0
272234, 0, 0, 0
272239, 0, 1, 0
272246, 0, 0, 0
272252, 0, 1, 1
272259, 0, 0, 1
272265, 1, 1, 0
272272, 1, 0, 0
272278, 1, 1, 0
272285, 1, 0, 0
272291, 1, 1, 0
272298, 1, 0, 0
272303, 1, 1, 0
272310, 1, 0, 0
272316, 1, 1, 0
272323, 1, 0, 0
272329, 1, 1, 0
272336, 1, 0, 0
272341, 0, 0, 0
272342, 0, 1, 0
272349, 0, 0, 0
272354, 1, 0, 0
272355, 1, 1, 0
272362, 1, 0, 0
272367, 1, 1, 0
272374, 1, 0, 0
272380, 1, 1, 0
272387, 1, 0, 0
272393, 0, 1, 0
272400, 0, 0, 0
272406, 0, 1, 0
272413, 0, 0, 0
272419, 0, 1, 0
272426, 0, 0, 0
272431, 0, 1, 0
272438, 0, 0, 0
272444, 0, 1, 0
272451, 0, 0, 0
272457, 1, 1, 0
272464, 1, 0, 0
272469, 0, 0, 0
272470, 0, 1, 0
272477, 0, 0, 0
272483, 0, 1, 0
272490, 0, 0, 0
272495, 0, 1, 0
272502, 0, 0, 0
272508, 0, 1, 0
272515, 0, 0, 0
272521, 0, 1, 0
272528, 0, 0, 0
272534, 0, 1, 0
272541, 0, 0, 0
272547, 0, 1, 0
272554, 0, 0, 0
272559, 0, 1, 0
272566, 0, 0, 0
272572, 0, 1, 0
272579, 0, 0, 0
272585, 0, 1, 0
272592, 0, 0, 0
272598, 0, 1, 0
272605, 0, 0, 0
272611, 0, 1, 0
272618, 0, 0, 0
272623, 0, 1, 0
272630, 0, 0, 0
272636, 0, 1, 0
272643, 0, 0, 0
272649, 0, 1, 0
272656, 0, 0, 0
272662, 0, 1, 0
272669, 0, 0, 0
272675, 0, 1, 0
272682, 0, 0, 0
272687, 0, 1, 0
272694, 0, 0, 0
272700, 0, 1, 0
272707, 0, 0, 0
272713, 0, 1, 0
272720, 0, 0, 0
272726, 0, 1, 0
272733, 0, 0, 0
272739, 0, 1, 0
272746, 0, 0, 0
272751, 0, 1, 0
272758, 0, 0, 0
272764, 0, 1, 0
272771, 0, 0, 0
272777, 0, 1, 0
272784, 0, 0, 0
272790, 0, 1, 0
272797, 0, 0, 0
272803, 0, 1, 0
272810, 0, 0, 0
272815, 0, 1, 0
272822, 0, 0, 0
272828, 0, 1, 0
272835, 0, 0, 0
272841, 0, 1, 0
272848, 0, 0, 0
272854, 0, 1, 0
272861, 0, 0, 0
272867, 0, 1, 0
272874, 0, 0, 0
272879, 0, 1, 0
272886, 0, 0, 0
272892, 0, 1, 0
272899, 0, 0, 0
272905, 0, 1, 0
272912, 0, 0, 0
272918, 0, 1, 0
272925, 0, 0, 0
272931, 0, 1, 0
272938, 0, 0, 0
272943, 0, 1, 0
272950, 0, 0, 0
272956, 0, 1, 0
272963, 0, 0, 0
272969, 0, 1, 0
272976, 0, 0, 0
272982, 0, 1, 0
272989, 0, 0, 0
272995, 0, 1, 0
273002, 0, 0, 0
273007, 0, 1, 0
273014, 0, 0, 0
273020, 0, 1, 0
273027, 0, 0, 0
273033, 0, 1, 0
273040, 0, 0, 0
273046, 0, 1, 0
273053, 0, 0, 0
273059, 0, 1, 0
273066, 0, 0, 0
273071, 0, 1, 0
273078, 0, 0, 0
273084, 0, 1, 0
273091, 0, 0, 0
273097, 0, 1, 0
273104, 0, 0, 0
273110, 0, 1, 0
273117, 0, 0, 0
273123, 0, 1, 0
273130, 0, 0, 0
273135, 0, 1, 0
273142, 0, 0, 0
273148, 0, 1, 0
273155, 0, 0, 0
273161, 0, 1, 0
273168, 0, 0, 0
273174, 0, 1, 0
273181, 0, 0, 0
273187, 0, 1, 0
273194, 0, 0, 0
273199, 0, 1, 0
273206, 0, 0, 0
273212, 0, 1, 0
273219, 0, 0, 0
273225, 0, 1, 0
273232, 0, 0, 0
273238, 0, 1, 0
273245, 0, 0, 0
273251, 0, 1, 0
273258, 0, 0, 0
273263, 0, 1, 0
273270, 0, 0, 0
273276, 0, 1, 0
273283, 0, 0, 0
273289, 0, 1, 0
273296, 0, 0, 0
273302, 0, 1, 0
273309, 0, 0, 0
273315, 0, 1, 0
273322, 0, 0, 0
273327, 0, 1, 0
273334, 0, 0, 0
273340, 0, 1, 0
273347, 0, 0, 0
273353, 0, 1, 0
273360, 0, 0, 0
273366, 0, 1, 0
273373, 0, 0, 0
273379, 0, 1, 0
273386, 0, 0, 0
273391, 0, 1, 0
273398, 0, 0, 0
273404, 0, 1, 0
273411, 0, 0, 0
273417, 0, 1, 0
273424, 0, 0, 0
273430, 0, 1, 0
273437, 0, 0, 0
273443, 0, 1, 0
273450, 0, 0, 0
273455, 0, 1, 0
273462, 0, 0, 0
273468, 0, 1, 0
273475, 0, 0, 0
273481, 0, 1, 0
273488, 0, 0, 0
273494, 0, 1, 0
273501, 0, 0, 0
273507, 0, 1, 0
273514, 0, 0, 0
273519, 0, 1, 0
273526, 0, 0, 0
273532, 0, 1, 0
273539, 0, 0, 0
273545, 0, 1, 0
273552, 0, 0, 0
273558, 0, 1, 0
273565, 0, 0, 0
273571, 0, 1, 0
273578, 0, 0, 0
273583, 0, 1, 0
273590, 0, 0, 0
273596, 0, 1, 0
273603, 0, 0, 0
273609, 0, 1, 0
273616, 0, 0, 0
273622, 0, 1, 0
273629, 0, 0, 0
273635, 0, 1, 0
273642, 0, 0, 0
273647, 0, 1, 0
273654, 0, 0, 0
273660, 0, 1, 0
273667, 0, 0, 0
273673, 0, 1, 0
273680, 0, 0, 0
273686, 0, 1, 0
273693, 0, 0, 0
273699, 0, 1, 0
273706, 0, 0, 0
273711, 0, 1, 0
273718, 0, 0, 0
273724, 0, 1, 0
273731, 0, 0, 0
273737, 0, 1, 0
273744, 0, 0, 0
273750, 0, 1, 0
273757, 0, 0, 0
273763, 0, 1, 0
273770, 0, 0, 0
273775, 0, 1, 0
273783, 0, 0, 0
273788, 0, 1, 0
273795, 0, 0, 0
273801, 0, 1, 0
273808, 0, 0, 0
273814, 0, 1, 0
273821, 0, 0, 0
273827, 0, 1, 0
273834, 0, 0, 0
273839, 0, 1, 0
273846, 0, 0, 0
273852, 0, 1, 0
273859, 0, 0, 0
273865, 0, 1, 0
273872, 0, 0, 0
273878, 0, 1, 0
273885, 0, 0, 0
273890, 0, 0, 1
273891, 0, 1, 1
273898, 0, 0, 1
273903, 1, 1, 0
273911, 1, 0, 0
273916, 1, 1, 0
273923, 1, 0, 0
273929, 1, 1, 0
273936, 1, 0, 0
273942, 1, 1, 0
273949, 1, 0, 0
273955, 1, 1, 0
273962, 1, 0, 0
273967, 1, 1, 0
273975, 1, 0, 0
273980, 0, 1, 0
273987, 0, 0, 0
273993, 1, 1, 0
274000, 1, 0, 0
274006, 1, 1, 0
274013, 1, 0, 0
274019, 1, 1, 0
274026, 1, 0, 0
274031, 0, 1, 0
274039, 0, 0, 0
274044, 0, 1, 0
274051, 0, 0, 0
274057, 0, 1, 0
274064, 0, 0, 0
274070, 0, 1, 0
274077, 0, 0, 0
274083, 0, 1, 0
274090, 0, 0, 0
274095, 1, 1, 0
274103, 1, 0, 0
274108, 0, 1, 0
274115, 0, 0, 0
274121, 0, 1, 0
274128, 0, 0, 0
274134, 0, 1, 0
274141, 0, 0, 0
274147, 0, 1, 0
274154, 0, 0, 0
274159, 0, 1, 0
274167, 0, 0, 0
274172, 0, 1, 0
274179, 0, 0, 0
274185, 0, 1, 0
274192, 0, 0, 0
274198, 0, 1, 0
274205, 0, 0, 0
274211, 0, 1, 0
274218, 0, 0, 0
274223, 0, 1, 0
274231, 0, 0, 0
274236, 0, 1, 0
274243, 0, 0, 0
274249, 0, 1, 0
274256, 0, 0, 0
274262, 0, 1, 0
274269, 0, 0, 0
274275, 0, 1, 0
274282, 0, 0, 0
274287, 0, 1, 0
274295, 0, 0, 0
274300, 0, 1, 0
274307, 0, 0, 0
274313, 0, 1, 0
274320, 0, 0, 0
274326, 0, 1, 0
274333, 0, 0, 0
274339, 0, 1, 0
274346, 0, 0, 0
274351, 0, 1, 0
274359, 0, 0, 0
274364, 0, 1, 0
274371, 0, 0, 0
274377, 0, 1, 0
274384, 0, 0, 0
274390, 0, 1, 0
274397, 0, 0, 0
274403, 0, 1, 0
274410, 0, 0, 0
274415, 0, 1, 0
274423, 0, 0, 0
274428, 0, 1, 0
274435, 0, 0, 0
274441, 0, 1, 0
274448, 0, 0, 0
274454, 0, 1, 0
274461, 0, 0, 0
274467, 0, 1, 0
274474, 0, 0, 0
274479, 0, 1, 0
274487, 0, 0, 0
274492, 0, 1, 0
274499, 0, 0, 0
274505, 0, 1, 0
274512, 0, 0, 0
274518, 0, 1, 0
274525, 0, 0, 0
274531, 0, 1, 0
274538, 0, 0, 0
274543, 0, 1, 0
274551, 0, 0, 0
274556, 0, 1, 0
274563, 0, 0, 0
274569, 0, 1, 0
274576, 0, 0, 0
274582, 0, 1, 0
274589, 0, 0, 0
274595, 0, 1, 0
274602, 0, 0, 0
274608, 0, 1, 0
274615, 0, 0, 0
274620, 0, 1, 0
274627, 0, 0, 0
274633, 0, 1, 0
274640, 0, 0, 0
274646, 0, 1, 0
274653, 0, 0, 0
274659, 0, 1, 0
274666, 0, 0, 0
274672, 0, 1, 0
274679, 0, 0, 0
274684, 0, 1, 0
274691, 0, 0, 0
274697, 0, 1, 0
274704, 0, 0, 0
274710, 0, 1, 0
274717, 0, 0, 0
274723, 0, 1, 0
274730, 0, 0, 0
274736, 0, 1, 0
274743, 0, 0, 0
274748, 0, 1, 0
274755, 0, 0, 0
274761, 0, 1, 0
274768, 0, 0, 0
274774, 0, 1, 0
274781, 0, 0, 0
274787, 0, 1, 0
274794, 0, 0, 0
274800, 0, 1, 0
274807, 0, 0, 0
274812, 0, 1, 0
274819, 0, 0, 0
274825, 0, 1, 0
274832, 0, 0, 0
274838, 0, 1, 0
274845, 0, 0, 0
274851, 0, 1, 0
274858, 0, 0, 0
274864, 0, 1, 0
274871, 0, 0, 0
274876, 0, 1, 0
274883, 0, 0, 0
274889, 0, 1, 0
274896, 0, 0, 0
274902, 0, 1, 0
274909, 0, 0, 0
274915, 0, 1, 0
274922, 0, 0, 0
274928, 0, 1, 0
274935, 0, 0, 0
274940, 0, 1, 0
274947, 0, 0, 0
274953, 0, 1, 0
274960, 0, 0, 0
274966, 0, 1, 0
274973, 0, 0, 0
274979, 0, 1, 0
274986, 0, 0, 0
274992, 0, 1, 0
274999, 0, 0, 0
275004, 0, 1, 0
275011, 0, 0, 0
275017, 0, 1, 0
275024, 0, 0, 0
275030, 0, 1, 0
275037, 0, 0, 0
275043, 0, 1, 0
275050, 0, 0, 0
275056, 0, 1, 0
275063, 0, 0, 0
275068, 0, 1, 0
275075, 0, 0, 0
275081, 0, 1, 0
275088, 0, 0, 0
275094, 0, 1, 0
275101, 0, 0, 0
275107, 0, 1, 0
275114, 0, 0, 0
275120, 0, 1, 0
275127, 0, 0, 0
275132, 0, 1, 0
275139, 0, 0, 0
275145, 0, 1, 0
275152, 0, 0, 0
275158, 0, 1, 0
275165, 0, 0, 0
275171, 0, 1, 0
275178, 0, 0, 0
275184, 0, 1, 0
275191, 0, 0, 0
275196, 0, 1, 0
275203, 0, 0, 0
275209, 0, 1, 0
275216, 0, 0, 0
275222, 0, 1, 0
275229, 0, 0, 0
275235, 0, 1, 0
275242, 0, 0, 0
275248, 0, 1, 0
275255, 0, 0, 0
275260, 0, 1, 0
275267, 0, 0, 0
275273, 0, 1, 0
275280, 0, 0, 0
275286, 0, 1, 0
275293, 0, 0, 0
275299, 0, 1, 0
275306, 0, 0, 0
275312, 0, 1, 0
275319, 0, 0, 0
275324, 0, 1, 0
275331, 0, 0, 0
275337, 0, 1, 0
275344, 0, 0, 0
275350, 0, 1, 0
275357, 0, 0, 0
275363, 0, 1, 0
275370, 0, 0, 0
275376, 0, 1, 0
275383, 0, 0, 0
275388, 0, 1, 0
275395, 0, 0, 0
275401, 0, 1, 0
275408, 0, 0, 0
275414, 0, 1, 0
275421, 0, 0, 0
275427, 0, 1, 0
275434, 0, 0, 0
275440, 0, 1, 0
275447, 0, 0, 0
275452, 0, 1, 0
275459, 0, 0, 0
275465, 0, 1, 0
275472, 0, 0, 0
275478, 0, 1, 0
275485, 0, 0, 0
275491, 0, 1, 0
275498, 0, 0, 0
275504, 0, 1, 0
275511, 0, 0, 0
275516, 0, 1, 0
275523, 0, 0, 0
275529, 0, 1, 1
275536, 0, 0, 1
275541, 1, 0, 1
275542, 1, 1, 0
275549, 1, 0, 0
275555, 1, 1, 0
275562, 1, 0, 0
275568, 1, 1, 0
275575, 1, 0, 0
275580, 1, 1, 0
275587, 1, 0, 0
275593, 1, 1, 0
275600, 1, 0, 0
275606, 1, 1, 0
275613, 1, 0, 0
275618, 0, 0, 0
275619, 0, 1, 0
275626, 0, 0, 0
275631, 1, 0, 0
275632, 1, 1, 0
275639, 1, 0, 0
275644, 1, 1, 0
275651, 1, 0, 0
275657, 1, 1, 0
275664, 1, 0, 0
275670, 0, 1, 0
275677, 0, 0, 0
275683, 0, 1, 0
275690, 0, 0, 0
275696, 0, 1, 0
275703, 0, 0, 0
275708, 0, 1, 0
275715, 0, 0, 0
275721, 0, 1, 0
275728, 0, 0, 0
275733, 1, 0, 0
275734, 1, 1, 0
275741, 1, 0, 0
275746, 0, 0, 0
275747, 0, 1, 0
275754, 0, 0, 0
275760, 0, 1, 0
275767, 0, 0, 0
275772, 0, 1, 0
275779, 0, 0, 0
275785, 0, 1, 0
275792, 0, 0, 0
275798, 0, 1, 0
275805, 0, 0, 0
275811, 0, 1, 0
275818, 0, 0, 0
275824, 0, 1, 0
275831, 0, 0, 0
275836, 0, 1, 0
275843, 0, 0, 0
275849, 0, 1, 0
275856, 0, 0, 0
275862, 0, 1, 0
275869, 0, 0, 0
275875, 0, 1, 0
275882, 0, 0, 0
275888, 0, 1, 0
275895, 0, 0, 0
275900, 0, 1, 0
275907, 0, 0, 0
275913, 0, 1, 0
275920, 0, 0, 0
275926, 0, 1, 0
275933, 0, 0, 0
275939, 0, 1, 0
275946, 0, 0, 0
275952, 0, 1, 0
275959, 0, 0, 0
275964, 0, 1, 0
275971, 0, 0, 0
275977, 0, 1, 0
275984, 0, 0, 0
275990, 0, 1, 0
275997, 0, 0, 0
276003, 0, 1, 0
276010, 0, 0, 0
276016, 0, 1, 0
276023, 0, 0, 0
276028, 0, 1, 0
276035, 0, 0, 0
276041, 0, 1, 0
276048, 0, 0, 0
276054, 0, 1, 0
276061, 0, 0, 0
276067, 0, 1, 0
276074, 0, 0, 0
276080, 0, 1, 0
276087, 0, 0, 0
276092, 0, 1, 0
276099, 0, 0, 0
276105, 0, 1, 0
276112, 0, 0, 0
276118, 0, 1, 0
276125, 0, 0, 0
276131, 0, 1, 0
276138, 0, 0, 0
276144, 0, 1, 0
276151, 0, 0, 0
276156, 0, 1, 0
276163, 0, 0, 0
276169, 0, 1, 0
276176, 0, 0, 0
276182, 0, 1, 0
276189, 0, 0, 0
276195, 0, 1, 0
276202, 0, 0, 0
276208, 0, 1, 0
276215, 0, 0, 0
276220, 0, 1, 0
276227, 0, 0, 0
276233, 0, 1, 0
276240, 0, 0, 0
276246, 0, 1, 0
276253, 0, 0, 0
276259, 0, 1, 0
276266, 0, 0, 0
276272, 0, 1, 0
276279, 0, 0, 0
276284, 0, 1, 0
276291, 0, 0, 0
276297, 0, 1, 0
276304, 0, 0, 0
276310, 0, 1, 0
276317, 0, 0, 0
276323, 0, 1, 0
276330, 0, 0, 0
276336, 0, 1, 0
276343, 0, 0, 0
276348, 0, 1, 0
276355, 0, 0, 0
276361, 0, 1, 0
276368, 0, 0, 0
276374, 0, 1, 0
276381, 0, 0, 0
276387, 0, 1, 0
276394, 0, 0, 0
276400, 0, 1, 0
276407, 0, 0, 0
276412, 0, 1, 0
276419, 0, 0, 0
276425, 0, 1, 0
276432, 0, 0, 0
276438, 0, 1, 0
276445, 0, 0, 0
276451, 0, 1, 0
276458, 0, 0, 0
276464, 0, 1, 0
276471, 0, 0, 0
276476, 0, 1, 0
276483, 0, 0, 0
276489, 0, 1, 0
276496, 0, 0, 0
276502, 0, 1, 0
276509, 0, 0, 0
276515, 0, 1, 0
276522, 0, 0, 0
276528, 0, 1, 0
276535, 0, 0, 0
276540, 0, 1, 0
276547, 0, 0, 0
276553, 0, 1, 0
276560, 0, 0, 0
276566, 0, 1, 0
276573, 0, 0, 0
276579, 0, 1, 0
276586, 0, 0, 0
276592, 0, 1, 0
276599, 0, 0, 0
276604, 0, 1, 0
276611, 0, 0, 0
276617, 0, 1, 0
276624, 0, 0, 0
276630, 0, 1, 0
276637, 0, 0, 0
276643, 0, 1, 0
276650, 0, 0, 0
276656, 0, 1, 0
276663, 0, 0, 0
276668, 0, 1, 0
276675, 0, 0, 0
276681, 0, 1, 0
276688, 0, 0, 0
276694, 0, 1, 0
276701, 0, 0, 0
276707, 0, 1, 0
276714, 0, 0, 0
276720, 0, 1, 0
276727, 0, 0, 0
276732, 0, 1, 0
276739, 0, 0, 0
276745, 0, 1, 0
276752, 0, 0, 0
276758, 0, 1, 0
276765, 0, 0, 0
276771, 0, 1, 0
276778, 0, 0, 0
276784, 0, 1, 0
276791, 0, 0, 0
276796, 0, 1, 0
276803, 0, 0, 0
276809, 0, 1, 0
276816, 0, 0, 0
276822, 0, 1, 0
276829, 0, 0, 0
276835, 0, 1, 0
276842, 0, 0, 0
276848, 0, 1, 0
276855, 0, 0, 0
276860, 0, 1, 0
276867, 0, 0, 0
276873, 0, 1, 0
276880, 0, 0, 0
276886, 0, 1, 0
276893, 0, 0, 0
276899, 0, 1, 0
276906, 0, 0, 0
276912, 0, 1, 0
276919, 0, 0, 0
276924, 0, 1, 0
276931, 0, 0, 0
276937, 0, 1, 0
276944, 0, 0, 0
276950, 0, 1, 0
276957, 0, 0, 0
276963, 0, 1, 0
276970, 0, 0, 0
276976, 0, 1, 0
276983, 0, 0, 0
276988, 0, 1, 0
276995, 0, 0, 0
277001, 0, 1, 0
277008, 0, 0, 0
277014, 0, 1, 0
277021, 0, 0, 0
277027, 0, 1, 0
277034, 0, 0, 0
277040, 0, 1, 0
277047, 0, 0, 0
277052, 0, 1, 0
277059, 0, 0, 0
277065, 0, 1, 0
277072, 0, 0, 0
277078, 0, 1, 0
277085, 0, 0, 0
277091, 0, 1, 0
277098, 0, 0, 0
277104, 0, 1, 0
277111, 0, 0, 0
277116, 0, 1, 0
277123, 0, 0, 0
277129, 0, 1, 0
277136, 0, 0, 0
277142, 0, 1, 0
277149, 0, 0, 0
277155, 0, 1, 0
277162, 0, 0, 0
277167, 0, 0, 1
277168, 0, 1, 1
277175, 0, 0, 1
277180, 1, 1, 0
277187, 1, 0, 0
277193, 1, 1, 0
277200, 1, 0, 0
277206, 1, 1, 0
277213, 1, 0, 0
277219, 1, 1, 0
277226, 1, 0, 0
277232, 1, 1, 0
277239, 1, 0, 0
277244, 1, 1, 0
277251, 1, 0, 0
277257, 0, 1, 0
277264, 0, 0, 0
277270, 1, 1, 0
277277, 1, 0, 0
277283, 1, 1, 0
277290, 1, 0, 0
277296, 1, 1, 0
277303, 1, 0, 0
277308, 0, 1, 0
277315, 0, 0, 0
277321, 0, 1, 0
277328, 0, 0, 0
277334, 0, 1, 0
277341, 0, 0, 0
277347, 0, 1, 0
277354, 0, 0, 0
277360, 0, 1, 0
277367, 0, 0, 0
277372, 1, 1, 0
277379, 1, 0, 0
277385, 0, 1, 0
277392, 0, 0, 0
277398, 0, 1, 0
277405, 0, 0, 0
277411, 0, 1, 0
277418, 0, 0, 0
277424, 0, 1, 0
277431, 0, 0, 0
277436, 0, 1, 0
277443, 0, 0, 0
277449, 0, 1, 0
277456, 0, 0, 0
277462, 0, 1, 0
277469, 0, 0, 0
277475, 0, 1, 0
277482, 0, 0, 0
277488, 0, 1, 0
277495, 0, 0, 0
277500, 0, 1, 0
277507, 0, 0, 0
277513, 0, 1, 0
277520, 0, 0, 0
277526, 0, 1, 0
277533, 0, 0, 0
277539, 0, 1, 0
277546, 0, 0, 0
277552, 0, 1, 0
277559, 0, 0, 0
277564, 0, 1, 0
277571, 0, 0, 0
277577, 0, 1, 0
277584, 0, 0, 0
277590, 0, 1, 0
277597, 0, 0, 0
277603, 0, 1, 0
277610, 0, 0, 0
277616, 0, 1, 0
277623, 0, 0, 0
277628, 0, 1, 0
277635, 0, 0, 0
277641, 0, 1, 0
277648, 0, 0, 0
277654, 0, 1, 0
277661, 0, 0, 0
277667, 0, 1, 0
277674, 0, 0, 0
277680, 0, 1, 0
277687, 0, 0, 0
277692, 0, 1, 0
277699, 0, 0, 0
277705, 0, 1, 0
277712, 0, 0, 0
277718, 0, 1, 0
277725, 0, 0, 0
277731, 0, 1, 0
277738, 0, 0, 0
277744, 0, 1, 0
277751, 0, 0, 0
277756, 0, 1, 0
277763, 0, 0, 0
277769, 0, 1, 0
277776, 0, 0, 0
277782, 0, 1, 0
277789, 0, 0, 0
277795, 0, 1, 0
277802, 0, 0, 0
277808, 0, 1, 0
277815, 0, 0, 0
277820, 0, 1, 0
277827, 0, 0, 0
277833, 0, 1, 0
277840, 0, 0, 0
277846, 0, 1, 0
277853, 0, 0, 0
277859, 0, 1, 0
277866, 0, 0, 0
277872, 0, 1, 0
277879, 0, 0, 0
277884, 0, 1, 0
277891, 0, 0, 0
277897, 0, 1, 0
277904, 0, 0, 0
277910, 0, 1, 0
277917, 0, 0, 0
277923, 0, 1, 0
277930, 0, 0, 0
277936, 0, 1, 0
277943, 0, 0, 0
277948, 0, 1, 0
277955, 0, 0, 0
277961, 0, 1, 0
277968, 0, 0, 0
277974, 0, 1, 0
277981, 0, 0, 0
277987, 0, 1, 0
277994, 0, 0, 0
278000, 0, 1, 0
278007, 0, 0, 0
278012, 0, 1, 0
278019, 0, 0, 0
278025, 0, 1, 0
278032, 0, 0, 0
278038, 0, 1, 0
278045, 0, 0, 0
278051, 0, 1, 0
278058, 0, 0, 0
278064, 0, 1, 0
278071, 0, 0, 0
278076, 0, 1, 0
278083, 0, 0, 0
278089, 0, 1, 0
278096, 0, 0, 0
278102, 0, 1, 0
278109, 0, 0, 0
278115, 0, 1, 0
278122, 0, 0, 0
278128, 0, 1, 0
278135, 0, 0, 0
278140, 0, 1, 0
278147, 0, 0, 0
278153, 0, 1, 0
278160, 0, 0, 0
278166, 0, 1, 0
278173, 0, 0, 0
278179, 0, 1, 0
278186, 0, 0, 0
278192, 0, 1, 0
278199, 0, 0, 0
278204, 0, 1, 0
278211, 0, 0, 0
278217, 0, 1, 0
278224, 0, 0, 0
278230, 0, 1, 0
278237, 0, 0, 0
278243, 0, 1, 0
278250, 0, 0, 0
278256, 0, 1, 0
278263, 0, 0, 0
278268, 0, 1, 0
278275, 0, 0, 0
278281, 0, 1, 0
278288, 0, 0, 0
278294, 0, 1, 0
278301, 0, 0, 0
278307, 0, 1, 0
278314, 0, 0, 0
278320, 0, 1, 0
278327, 0, 0, 0
278332, 0, 1, 0
278339, 0, 0, 0
278345, 0, 1, 0
278352, 0, 0, 0
278358, 0, 1, 0
278365, 0, 0, 0
278371, 0, 1, 0
278378, 0, 0, 0
278384, 0, 1, 0
278391, 0, 0, 0
278396, 0, 1, 0
278403, 0, 0, 0
278409, 0, 1, 0
278416, 0, 0, 0
278422, 0, 1, 0
278429, 0, 0, 0
278435, 0, 1, 0
278442, 0, 0, 0
278448, 0, 1, 0
278455, 0, 0, 0
278460, 0, 1, 0
278467, 0, 0, 0
278473, 0, 1, 0
278480, 0, 0, 0
278486, 0, 1, 0
278493, 0, 0, 0
278499, 0, 1, 0
278506, 0, 0, 0
278512, 0, 1, 0
278519, 0, 0, 0
278524, 0, 1, 0
278531, 0, 0, 0
278537, 0, 1, 0
278544, 0, 0, 0
278550, 0, 1, 0
278557, 0, 0, 0
278563, 0, 1, 0
278570, 0, 0, 0
278576, 0, 1, 0
278583, 0, 0, 0
278588, 0, 1, 0
278595, 0, 0, 0
278601, 0, 1, 0
278608, 0, 0, 0
278614, 0, 1, 0
278621, 0, 0, 0
278627, 0, 1, 0
278634, 0, 0, 0
278640, 0, 1, 0
278647, 0, 0, 0
278652, 0, 1, 0
278660, 0, 0, 0
278665, 0, 1, 0
278672, 0, 0, 0
278678, 0, 1, 0
278685, 0, 0, 0
278691, 0, 1, 0
278698, 0, 0, 0
278704, 0, 1, 0
278711, 0, 0, 0
278716, 0, 1, 0
278723, 0, 0, 0
278729, 0, 1, 0
278736, 0, 0, 0
278742, 0, 1, 0
278749, 0, 0, 0
278755, 0, 1, 0
278762, 0, 0, 0
278768, 0, 1, 0
278775, 0, 0, 0
278780, 0, 1, 0
278788, 0, 0, 0
278793, 0, 1, 0
278800, 0, 0, 0
278806, 0, 1, 1
278813, 0, 0, 1
278818, 1, 0, 1
278819, 1, 1, 0
278826, 1, 0, 0
278832, 1, 1, 0
278839, 1, 0, 0
278844, 1, 1, 0
278852, 1, 0, 0
278857, 1, 1, 0
278864, 1, 0, 0
278870, 1, 1, 0
278877, 1, 0, 0
278883, 1, 1, 0
278890, 1, 0, 0
278895, 0, 0, 0
278896, 0, 1, 0
278903, 0, 0, 0
278908, 1, 1, 0
278916, 1, 0, 0
278921, 1, 1, 0
278928, 1, 0, 0
278934, 1, 1, 0
278941, 1, 0, 0
278946, 0, 0, 0
278947, 0, 1, 0
278954, 0, 0, 0
278960, 0, 1, 0
278967, 0, 0, 0
278972, 0, 1, 0
278980, 0, 0, 0
278985, 0, 1, 0
278992, 0, 0, 0
278998, 0, 1, 0
279005, 0, 0, 0
279010, 1, 0, 0
279011, 1, 1, 0
279018, 1, 0, 0
279023, 0, 0, 0
279024, 0, 1, 0
279031, 0, 0, 0
279036, 0, 1, 0
279044, 0, 0, 0
279049, 0, 1, 0
279056, 0, 0, 0
279062, 0, 1, 0
279069, 0, 0, 0
279075, 0, 1, 0
279082, 0, 0, 0
279088, 0, 1, 0
279095, 0, 0, 0
279100, 0, 1, 0
279108, 0, 0, 0
279113, 0, 1, 0
279120, 0, 0, 0
279126, 0, 1, 0
279133, 0, 0, 0
279139, 0, 1, 0
279146, 0, 0, 0
279152, 0, 1, 0
279159, 0, 0, 0
279164, 0, 1, 0
279172, 0, 0, 0
279177, 0, 1, 0
279184, 0, 0, 0
279190, 0, 1, 0
279197, 0, 0, 0
279203, 0, 1, 0
279210, 0, 0, 0
279216, 0, 1, 0
279223, 0, 0, 0
279228, 0, 1, 0
279236, 0, 0, 0
279241, 0, 1, 0
279248, 0, 0, 0
279254, 0, 1, 0
279261, 0, 0, 0
279267, 0, 1, 0
279274, 0, 0, 0
279280, 0, 1, 0
279287, 0, 0, 0
279292, 0, 1, 0
279300, 0, 0, 0
279305, 0, 1, 0
279312, 0, 0, 0
279318, 0, 1, 0
279325, 0, 0, 0
279331, 0, 1, 0
279338, 0, 0, 0
279344, 0, 1, 0
279351, 0, 0, 0
279356, 0, 1, 0
279364, 0, 0, 0
279369, 0, 1, 0
279376, 0, 0, 0
279382, 0, 1, 0
279389, 0, 0, 0
279395, 0, 1, 0
279402, 0, 0, 0
279408, 0, 1, 0
279415, 0, 0, 0
279420, 0, 1, 0
279428, 0, 0, 0
279433, 0, 1, 0
279440, 0, 0, 0
279446, 0, 1, 0
279453, 0, 0, 0
279459, 0, 1, 0
279466, 0, 0, 0
279472, 0, 1, 0
279479, 0, 0, 0
279485, 0, 1, 0
279492, 0, 0, 0
279497, 0, 1, 0
279504, 0, 0, 0
279510, 0, 1, 0
279517, 0, 0, 0
279523, 0, 1, 0
279530, 0, 0, 0
279536, 0, 1, 0
279543, 0, 0, 0
279549, 0, 1, 0
279556, 0, 0, 0
279561, 0, 1, 0
279568, 0, 0, 0
279574, 0, 1, 0
279581, 0, 0, 0
279587, 0, 1, 0
279594, 0, 0, 0
279600, 0, 1, 0
279607, 0, 0, 0
279613, 0, 1, 0
279620, 0, 0, 0
279625, 0, 1, 0
279632, 0, 0, 0
279638, 0, 1, 0
279645, 0, 0, 0
279651, 0, 1, 0
279658, 0, 0, 0
279664, 0, 1, 0
279671, 0, 0, 0
279677, 0, 1, 0
279684, 0, 0, 0
279689, 0, 1, 0
279696, 0, 0, 0
279702, 0, 1, 0
279709, 0, 0, 0
279715, 0, 1, 0
279722, 0, 0, 0
279728, 0, 1, 0
279735, 0, 0, 0
279741, 0, 1, 0
279748, 0, 0, 0
279753, 0, 1, 0
279760, 0, 0, 0
279766, 0, 1, 0
279773, 0, 0, 0
279779, 0, 1, 0
279786, 0, 0, 0
279792, 0, 1, 0
279799, 0, 0, 0
279805, 0, 1, 0
279812, 0, 0, 0
279817, 0, 1, 0
279824, 0, 0, 0
279830, 0, 1, 0
279837, 0, 0, 0
279843, 0, 1, 0
279850, 0, 0, 0
279856, 0, 1, 0
279863, 0, 0, 0
279869, 0, 1, 0
279876, 0, 0, 0
279881, 0, 1, 0
279888, 0, 0, 0
279894, 0, 1, 0
279901, 0, 0, 0
279907, 0, 1, 0
279914, 0, 0, 0
279920, 0, 1, 0
279927, 0, 0, 0
279933, 0, 1, 0
279940, 0, 0, 0
279945, 0, 1, 0
279952, 0, 0, 0
279958, 0, 1, 0
279965, 0, 0, 0
279971, 0, 1, 0
279978, 0, 0, 0
279984, 0, 1, 0
279991, 0, 0, 0
279997, 0, 1, 0
280004, 0, 0, 0
280009, 0, 1, 0
280016, 0, 0, 0
280022, 0, 1, 0
280029, 0, 0, 0
280035, 0, 1, 0
280042, 0, 0, 0
280048, 0, 1, 0
280055, 0, 0, 0
280061, 0, 1, 0
280068, 0, 0, 0
280073, 0, 1, 0
280080, 0, 0, 0
280086, 0, 1, 0
280093, 0, 0, 0
280099, 0, 1, 0
280106, 0, 0, 0
280112, 0, 1, 0
280119, 0, 0, 0
280125, 0, 1, 0
280132, 0, 0, 0
280137, 0, 1, 0
280144, 0, 0, 0
280150, 0, 1, 0
280157, 0, 0, 0
280163, 0, 1, 0
280170, 0, 0, 0
280176, 0, 1, 0
280183, 0, 0, 0
280189, 0, 1, 0
280196, 0, 0, 0
280201, 0, 1, 0
280208, 0, 0, 0
280214, 0, 1, 0
280221, 0, 0, 0
280227, 0, 1, 0
280234, 0, 0, 0
280240, 0, 1, 0
280247, 0, 0, 0
280253, 0, 1, 0
280260, 0, 0, 0
280265, 0, 1, 0
280272, 0, 0, 0
280278, 0, 1, 0
280285, 0, 0, 0
280291, 0, 1, 0
280298, 0, 0, 0
280304, 0, 1, 0
280311, 0, 0, 0
280317, 0, 1, 0
280324, 0, 0, 0
280329, 0, 1, 0
280336, 0, 0, 0
280342, 0, 1, 0
280349, 0, 0, 0
280355, 0, 1, 0
280362, 0, 0, 0
280368, 0, 1, 0
280375, 0, 0, 0
280381, 0, 1, 0
280388, 0, 0, 0
280393, 0, 1, 0
280400, 0, 0, 0
280406, 0, 1, 0
280413, 0, 0, 0
280419, 0, 1, 0
280426, 0, 0, 0
280432, 0, 1, 0
280439, 0, 0, 0
280444, 0, 0, 1
280445, 0, 1, 1
280452, 0, 0, 1
280457, 1, 1, 0
280464, 1, 0, 0
280470, 1, 1, 0
280477, 1, 0, 0
280483, 1, 1, 0
280490, 1, 0, 0
280496, 1, 1, 0
280503, 1, 0, 0
280509, 1, 1, 0
280516, 1, 0, 0
280521, 1, 1, 0
280528, 1, 0, 0
280534, 0, 1, 0
280541, 0, 0, 0
280546, 1, 0, 0
280547, 1, 1, 0
280554, 1, 0, 0
280560, 1, 1, 0
280567, 1, 0, 0
280573, 1, 1, 0
280580, 1, 0, 0
280585, 0, 1, 0
280592, 0, 0, 0
280598, 0, 1, 0
280605, 0, 0, 0
280611, 0, 1, 0
280618, 0, 0, 0
280624, 0, 1, 0
280631, 0, 0, 0
280637, 0, 1, 0
280644, 0, 0, 0
280649, 1, 1, 0
280656, 1, 0, 0
280662, 0, 1, 0
280669, 0, 0, 0
280675, 0, 1, 0
280682, 0, 0, 0
280688, 0, 1, 0
280695, 0, 0, 0
280701, 0, 1, 0
280708, 0, 0, 0
280713, 0, 1, 0
280720, 0, 0, 0
280726, 0, 1, 0
280733, 0, 0, 0
280739, 0, 1, 0
280746, 0, 0, 0
280752, 0, 1, 0
280759, 0, 0, 0
280765, 0, 1, 0
280772, 0, 0, 0
280777, 0, 1, 0
280784, 0, 0, 0
280790, 0, 1, 0
280797, 0, 0, 0
280803, 0, 1, 0
280810, 0, 0, 0
280816, 0, 1, 0
280823, 0, 0, 0
280829, 0, 1, 0
280836, 0, 0, 0
280841, 0, 1, 0
280848, 0, 0, 0
280854, 0, 1, 0
280861, 0, 0, 0
280867, 0, 1, 0
280874, 0, 0, 0
280880, 0, 1, 0
280887, 0, 0, 0
280893, 0, 1, 0
280900, 0, 0, 0
280905, 0, 1, 0
280912, 0, 0, 0
280918, 0, 1, 0
280925, 0, 0, 0
280931, 0, 1, 0
280938, 0, 0, 0
280944, 0, 1, 0
280951, 0, 0, 0
280957, 0, 1, 0
280964, 0, 0, 0
280969, 0, 1, 0
280976, 0, 0, 0
280982, 0, 1, 0
280989, 0, 0, 0
280995, 0, 1, 0
281002, 0, 0, 0
281008, 0, 1, 0
281015, 0, 0, 0
281021, 0, 1, 0
281028, 0, 0, 0
281033, 0, 1, 0
281040, 0, 0, 0
281046, 0, 1, 0
281053, 0, 0, 0
281059, 0, 1, 0
281066, 0, 0, 0
281072, 0, 1, 0
281079, 0, 0, 0
281085, 0, 1, 0
281092, 0, 0, 0
281097, 0, 1, 0
281104, 0, 0, 0
281110, 0, 1, 0
281117, 0, 0, 0
281123, 0, 1, 0
281130, 0, 0, 0
281136, 0, 1, 0
281143, 0, 0, 0
281149, 0, 1, 0
281156, 0, 0, 0
281161, 0, 1, 0
281168, 0, 0, 0
281174, 0, 1, 0
281181, 0, 0, 0
281187, 0, 1, 0
281194, 0, 0, 0
281200, 0, 1, 0
281207, 0, 0, 0
281213, 0, 1, 0
281220, 0, 0, 0
281225, 0, 1, 0
281232, 0, 0, 0
281238, 0, 1, 0
281245, 0, 0, 0
281251, 0, 1, 0
281258, 0, 0, 0
281264, 0, 1, 0
281271, 0, 0, 0
281277, 0, 1, 0
281284, 0, 0, 0
281289, 0, 1, 0
281296, 0, 0, 0
281302, 0, 1, 0
281309, 0, 0, 0
281315, 0, 1, 0
281322, 0, 0, 0
281328, 0, 1, 0
281335, 0, 0, 0
281341, 0, 1, 0
281348, 0, 0, 0
281353, 0, 1, 0
281360, 0, 0, 0
281366, 0, 1, 0
281373, 0, 0, 0
281379, 0, 1, 0
281386, 0, 0, 0
281392, 0, 1, 0
281399, 0, 0, 0
281405, 0, 1, 0
281412, 0, 0, 0
281417, 0, 1, 0
281424, 0, 0, 0
281430, 0, 1, 0
281437, 0, 0, 0
281443, 0, 1, 0
281450, 0, 0, 0
281456, 0, 1, 0
281463, 0, 0, 0
281469, 0, 1, 0
281476, 0, 0, 0
281481, 0, 1, 0
281488, 0, 0, 0
281494, 0, 1, 0
281501, 0, 0, 0
281507, 0, 1, 0
281514, 0, 0, 0
281520, 0, 1, 0
281527, 0, 0, 0
281533, 0, 1, 0
281540, 0, 0, 0
281545, 0, 1, 0
281552, 0, 0, 0
281558, 0, 1, 0
281565, 0, 0, 0
281571, 0, 1, 0
281578, 0, 0, 0
281584, 0, 1, 0
281591, 0, 0, 0
281597, 0, 1, 0
281604, 0, 0, 0
281609, 0, 1, 0
281616, 0, 0, 0
281622, 0, 1, 0
281629, 0, 0, 0
281635, 0, 1, 0
281642, 0, 0, 0
281648, 0, 1, 0
281655, 0, 0, 0
281661, 0, 1, 0
281668, 0, 0, 0
281673, 0, 1, 0
281680, 0, 0, 0
281686, 0, 1, 0
281693, 0, 0, 0
281699, 0, 1, 0
281706, 0, 0, 0
281712, 0, 1, 0
281719, 0, 0, 0
281725, 0, 1, 0
281732, 0, 0, 0
281737, 0, 1, 0
281744, 0, 0, 0
281750, 0, 1, 0
281757, 0, 0, 0
281763, 0, 1, 0
281770, 0, 0, 0
281776, 0, 1, 0
281783, 0, 0, 0
281789, 0, 1, 0
281796, 0, 0, 0
281801, 0, 1, 0
281808, 0, 0, 0
281814, 0, 1, 0
281821, 0, 0, 0
281827, 0, 1, 0
281834, 0, 0, 0
281840, 0, 1, 0
281847, 0, 0, 0
281853, 0, 1, 0
281860, 0, 0, 0
281865, 0, 1, 0
281872, 0, 0, 0
281878, 0, 1, 0
281885, 0, 0, 0
281891, 0, 1, 0
281898, 0, 0, 0
281904, 0, 1, 0
281911, 0, 0, 0
281917, 0, 1, 0
281924, 0, 0, 0
281929, 0, 1, 0
281936, 0, 0, 0
281942, 0, 1, 0
281949, 0, 0, 0
281955, 0, 1, 0
281962, 0, 0, 0
281968, 0, 1, 0
281975, 0, 0, 0
281981, 0, 1, 0
281988, 0, 0, 0
281993, 0, 1, 0
282000, 0, 0, 0
282006, 0, 1, 0
282013, 0, 0, 0
282019, 0, 1, 0
282026, 0, 0, 0
282032, 0, 1, 0
282039, 0, 0, 0
282045, 0, 1, 0
282052, 0, 0, 0
282057, 0, 1, 0
282064, 0, 0, 0
282070, 0, 1, 0
282077, 0, 0, 0
282083, 0, 1, 1
282090, 0, 0, 1
282095, 1, 0, 1
282096, 1, 1, 0
282103, 1, 0, 0
282109, 1, 1, 0
282116, 1, 0, 0
282121, 1, 1, 0
282128, 1, 0, 0
282134, 1, 1, 0
282141, 1, 0, 0
282147, 1, 1, 0
282154, 1, 0, 0
282160, 1, 1, 0
282167, 1, 0, 0
282172, 0, 0, 0
282173, 0, 1, 0
282180, 0, 0, 0
282185, 1, 1, 0
282192, 1, 0, 0
282198, 1, 1, 0
282205, 1, 0, 0
282211, 1, 1, 0
282218, 1, 0, 0
282223, 0, 0, 0
282224, 0, 1, 0
282231, 0, 0, 0
282237, 0, 1, 0
282244, 0, 0, 0
282249, 0, 1, 0
282256, 0, 0, 0
282262, 0, 1, 0
282269, 0, 0, 0
282275, 0, 1, 0
282282, 0, 0, 0
282287, 1, 0, 0
282288, 1, 1, 0
282295, 1, 0, 0
282300, 0, 0, 0
282301, 0, 1, 0
282308, 0, 0, 0
282313, 0, 1, 0
282320, 0, 0, 0
282326, 0, 1, 0
282333, 0, 0, 0
282339, 0, 1, 0
282346, 0, 0, 0
282352, 0, 1, 0
282359, 0, 0, 0
282365, 0, 1, 0
282372, 0, 0, 0
282377, 0, 1, 0
282384, 0, 0, 0
282390, 0, 1, 0
282397, 0, 0, 0
282403, 0, 1, 0
282410, 0, 0, 0
282416, 0, 1, 0
282423, 0, 0, 0
282429, 0, 1, 0
282436, 0, 0, 0
282441, 0, 1, 0
282448, 0, 0, 0
282454, 0, 1, 0
282461, 0, 0, 0
282467, 0, 1, 0
282474, 0, 0, 0
282480, 0, 1, 0
282487, 0, 0, 0
282493, 0, 1, 0
282500, 0, 0, 0
282505, 0, 1, 0
282512, 0, 0, 0
282518, 0, 1, 0
282525, 0, 0, 0
282531, 0, 1, 0
282538, 0, 0, 0
282544, 0, 1, 0
282551, 0, 0, 0
282557, 0, 1, 0
282564, 0, 0, 0
282569, 0, 1, 0
282576, 0, 0, 0
282582, 0, 1, 0
282589, 0, 0, 0
282595, 0, 1, 0
282602, 0, 0, 0
282608, 0, 1, 0
282615, 0, 0, 0
282621, 0, 1, 0
282628, 0, 0, 0
282633, 0, 1, 0
282640, 0, 0, 0
282646, 0, 1, 0
282653, 0, 0, 0
282659, 0, 1, 0
282666, 0, 0, 0
282672, 0, 1, 0
282679, 0, 0, 0
282685, 0, 1, 0
282692, 0, 0, 0
282697, 0, 1, 0
282704, 0, 0, 0
282710, 0, 1, 0
282717, 0, 0, 0
282723, 0, 1, 0
282730, 0, 0, 0
282736, 0, 1, 0
282743, 0, 0, 0
282749, 0, 1, 0
282756, 0, 0, 0
282761, 0, 1, 0
282768, 0, 0, 0
282774, 0, 1, 0
282781, 0, 0, 0
282787, 0, 1, 0
282794, 0, 0, 0
282800, 0, 1, 0
282807, 0, 0, 0
282813, 0, 1, 0
282820, 0, 0, 0
282825, 0, 1, 0
282832, 0, 0, 0
282838, 0, 1, 0
282845, 0, 0, 0
282851, 0, 1, 0
282858, 0, 0, 0
282864, 0, 1, 0
282871, 0, 0, 0
282877, 0, 1, 0
282884, 0, 0, 0
282889, 0, 1, 0
282896, 0, 0, 0
282902, 0, 1, 0
282909, 0, 0, 0
282915, 0, 1, 0
282922, 0, 0, 0
282928, 0, 1, 0
282935, 0, 0, 0
282941, 0, 1, 0
282948, 0, 0, 0
282953, 0, 1, 0
282960, 0, 0, 0
282966, 0, 1, 0
282973, 0, 0, 0
282979, 0, 1, 0
282986, 0, 0, 0
282992, 0, 1, 0
282999, 0, 0, 0
283005, 0, 1, 0
283012, 0, 0, 0
283017, 0, 1, 0
283024, 0, 0, 0
283030, 0, 1, 0
283037, 0, 0, 0
283043, 0, 1, 0
283050, 0, 0, 0
283056, 0, 1, 0
283063, 0, 0, 0
283069, 0, 1, 0
283076, 0, 0, 0
283081, 0, 1, 0
283088, 0, 0, 0
283094, 0, 1, 0
283101, 0, 0, 0
283107, 0, 1, 0
283114, 0, 0, 0
283120, 0, 1, 0
283127, 0, 0, 0
283133, 0, 1, 0
283140, 0, 0, 0
283145, 0, 1, 0
283152, 0, 0, 0
283158, 0, 1, 0
283165, 0, 0, 0
283171, 0, 1, 0
283178, 0, 0, 0
283184, 0, 1, 0
283191, 0, 0, 0
283197, 0, 1, 0
283204, 0, 0, 0
283209, 0, 1, 0
283216, 0, 0, 0
283222, 0, 1, 0
283229, 0, 0, 0
283235, 0, 1, 0
283242, 0, 0, 0
283248, 0, 1, 0
283255, 0, 0, 0
283261, 0, 1, 0
283268, 0, 0, 0
283273, 0, 1, 0
283280, 0, 0, 0
283286, 0, 1, 0
283293, 0, 0, 0
283299, 0, 1, 0
283306, 0, 0, 0
283312, 0, 1, 0
283319, 0, 0, 0
283325, 0, 1, 0
283332, 0, 0, 0
283337, 0, 1, 0
283344, 0, 0, 0
283350, 0, 1, 0
283357, 0, 0, 0
283363, 0, 1, 0
283370, 0, 0, 0
283376, 0, 1, 0
283383, 0, 0, 0
283389, 0, 1, 0
283396, 0, 0, 0
283401, 0, 1, 0
283408, 0, 0, 0
283414, 0, 1, 0
283421, 0, 0, 0
283427, 0, 1, 0
283434, 0, 0, 0
283440, 0, 1, 0
283447, 0, 0, 0
283453, 0, 1, 0
283460, 0, 0, 0
283465, 0, 1, 0
283472, 0, 0, 0
283478, 0, 1, 0
283485, 0, 0, 0
283491, 0, 1, 0
283498, 0, 0, 0
283504, 0, 1, 0
283511, 0, 0, 0
283517, 0, 1, 0
283524, 0, 0, 0
283529, 0, 1, 0
283536, 0, 0, 0
283542, 0, 1, 0
283549, 0, 0, 0
283555, 0, 1, 0
283562, 0, 0, 0
283568, 0, 1, 0
283575, 0, 0, 0
283581, 0, 1, 0
283588, 0, 0, 0
283593, 0, 1, 0
283601, 0, 0, 0
283606, 0, 1, 0
283613, 0, 0, 0
283619, 0, 1, 0
283626, 0, 0, 0
283632, 0, 1, 0
283639, 0, 0, 0
283645, 0, 1, 0
283652, 0, 0, 0
283657, 0, 1, 0
283665, 0, 0, 0
283670, 0, 1, 0
283677, 0, 0, 0
283683, 0, 1, 0
283690, 0, 0, 0
283696, 0, 1, 0
283703, 0, 0, 0
283709, 0, 1, 0
283716, 0, 0, 0
283721, 0, 1, 1
283729, 0, 0, 1
283734, 1, 1, 0
283741, 1, 0, 0
283747, 1, 1, 0
283754, 1, 0, 0
283760, 1, 1, 0
283767, 1, 0, 0
283773, 1, 1, 0
283780, 1, 0, 0
283785, 1, 1, 0
283793, 1, 0, 0
283798, 1, 1, 0
283805, 1, 0, 0
283811, 0, 1, 0
283818, 0, 0, 0
283823, 1, 0, 0
283824, 1, 1, 0
283831, 1, 0, 0
283837, 1, 1, 0
283844, 1, 0, 0
283849, 1, 1, 0
283857, 1, 0, 0
283862, 0, 1, 0
283869, 0, 0, 0
283875, 0, 1, 0
283882, 0, 0, 0
283888, 0, 1, 0
283895, 0, 0, 0
283901, 0, 1, 0
283908, 0, 0, 0
283913, 0, 1, 0
283921, 0, 0, 0
283926, 1, 1, 0
283933, 1, 0, 0
283939, 0, 1, 0
283946, 0, 0, 0
283952, 0, 1, 0
283959, 0, 0, 0
283965, 0, 1, 0
283972, 0, 0, 0
283977, 0, 1, 0
283985, 0, 0, 0
283990, 0, 1, 0
283997, 0, 0, 0
284003, 0, 1, 0
284010, 0, 0, 0
284016, 0, 1, 0
284023, 0, 0, 0
284029, 0, 1, 0
284036, 0, 0, 0
284041, 0, 1, 0
284049, 0, 0, 0
284054, 0, 1, 0
284061, 0, 0, 0
284067, 0, 1, 0
284074, 0, 0, 0
284080, 0, 1, 0
284087, 0, 0, 0
284093, 0, 1, 0
284100, 0, 0, 0
284105, 0, 1, 0
284113, 0, 0, 0
284118, 0, 1, 0
284125, 0, 0, 0
284131, 0, 1, 0
284138, 0, 0, 0
284144, 0, 1, 0
284151, 0, 0, 0
284157, 0, 1, 0
284164, 0, 0, 0
284169, 0, 1, 0
284177, 0, 0, 0
284182, 0, 1, 0
284189, 0, 0, 0
284195, 0, 1, 0
284202, 0, 0, 0
284208, 0, 1, 0
284215, 0, 0, 0
284221, 0, 1, 0
284228, 0, 0, 0
284233, 0, 1, 0
284241, 0, 0, 0
284246, 0, 1, 0
284253, 0, 0, 0
284259, 0, 1, 0
284266, 0, 0, 0
284272, 0, 1, 0
284279, 0, 0, 0
284285, 0, 1, 0
284292, 0, 0, 0
284297, 0, 1, 0
284305, 0, 0, 0
284310, 0, 1, 0
284317, 0, 0, 0
284323, 0, 1, 0
284330, 0, 0, 0
284336, 0, 1, 0
284343, 0, 0, 0
284349, 0, 1, 0
284356, 0, 0, 0
284361, 0, 1, 0
284369, 0, 0, 0
284374, 0, 1, 0
284381, 0, 0, 0
284387, 0, 1, 0
284394, 0, 0, 0
284400, 0, 1, 0
284407, 0, 0, 0
284413, 0, 1, 0
284420, 0, 0, 0
284425, 0, 1, 0
284433, 0, 0, 0
284438, 0, 1, 0
284445, 0, 0, 0
284451, 0, 1, 0
284458, 0, 0, 0
284464, 0, 1, 0
284471, 0, 0, 0
284477, 0, 1, 0
284484, 0, 0, 0
284490, 0, 1, 0
284497, 0, 0, 0
284502, 0, 1, 0
284509, 0, 0, 0
284515, 0, 1, 0
284522, 0, 0, 0
284528, 0, 1, 0
284535, 0, 0, 0
284541, 0, 1, 0
284548, 0, 0, 0
284554, 0, 1, 0
284561, 0, 0, 0
284566, 0, 1, 0
284573, 0, 0, 0
284579, 0, 1, 0
284586, 0, 0, 0
284592, 0, 1, 0
284599, 0, 0, 0
284605, 0, 1, 0
284612, 0, 0, 0
284618, 0, 1, 0
284625, 0, 0, 0
284630, 0, 1, 0
284637, 0, 0, 0
284643, 0, 1, 0
284650, 0, 0, 0
284656, 0, 1, 0
284663, 0, 0, 0
284669, 0, 1, 0
284676, 0, 0, 0
284682, 0, 1, 0
284689, 0, 0, 0
284694, 0, 1, 0
284701, 0, 0, 0
284707, 0, 1, 0
284714, 0, 0, 0
284720, 0, 1, 0
284727, 0, 0, 0
284733, 0, 1, 0
284740, 0, 0, 0
284746, 0, 1, 0
284753, 0, 0, 0
284758, 0, 1, 0
284765, 0, 0, 0
284771, 0, 1, 0
284778, 0, 0, 0
284784, 0, 1, 0
284791, 0, 0, 0
284797, 0, 1, 0
284804, 0, 0, 0
284810, 0, 1, 0
284817, 0, 0, 0
284822, 0, 1, 0
284829, 0, 0, 0
284835, 0, 1, 0
284842, 0, 0, 0
284848, 0, 1, 0
284855, 0, 0, 0
284861, 0, 1, 0
284868, 0, 0, 0
284874, 0, 1, 0
284881, 0, 0, 0
284886, 0, 1, 0
284893, 0, 0, 0
284899, 0, 1, 0
284906, 0, 0, 0
284912, 0, 1, 0
284919, 0, 0, 0
284925, 0, 1, 0
284932, 0, 0, 0
284938, 0, 1, 0
284945, 0, 0, 0
284950, 0, 1, 0
284957, 0, 0, 0
284963, 0, 1, 0
284970, 0, 0, 0
284976, 0, 1, 0
284983, 0, 0, 0
284989, 0, 1, 0
284996, 0, 0, 0
285002, 0, 1, 0
285009, 0, 0, 0
285014, 0, 1, 0
285021, 0, 0, 0
285027, 0, 1, 0
285034, 0, 0, 0
285040, 0, 1, 0
285047, 0, 0, 0
285053, 0, 1, 0
285060, 0, 0, 0
285066, 0, 1, 0
285073, 0, 0, 0
285078, 0, 1, 0
285085, 0, 0, 0
285091, 0, 1, 0
285098, 0, 0, 0
285104, 0, 1, 0
285111, 0, 0, 0
285117, 0, 1, 0
285124, 0, 0, 0
285130, 0, 1, 0
285137, 0, 0, 0
285142, 0, 1, 0
285149, 0, 0, 0
285155, 0, 1, 0
285162, 0, 0, 0
285168, 0, 1, 0
285175, 0, 0, 0
285181, 0, 1, 0
285188, 0, 0, 0
285194, 0, 1, 0
285201, 0, 0, 0
285206, 0, 1, 0
285213, 0, 0, 0
285219, 0, 1, 0
285226, 0, 0, 0
285232, 0, 1, 0
285239, 0, 0, 0
285245, 0, 1, 0
285252, 0, 0, 0
285258, 0, 1, 0
285265, 0, 0, 0
285270, 0, 1, 0
285277, 0, 0, 0
285283, 0, 1, 0
285290, 0, 0, 0
285296, 0, 1, 0
285303, 0, 0, 0
285309, 0, 1, 0
285316, 0, 0, 0
285322, 0, 1, 0
285329, 0, 0, 0
285334, 0, 1, 0
285341, 0, 0, 0
285347, 0, 1, 0
285354, 0, 0, 0
285360, 0, 1, 1
285367, 0, 0, 1
285372, 1, 0, 1
285373, 1, 1, 0
285380, 1, 0, 0
285386, 1, 1, 0
285393, 1, 0, 0
285398, 1, 1, 0
285405, 1, 0, 0
285411, 1, 1, 0
285418, 1, 0, 0
285424, 1, 1, 0
285431, 1, 0, 0
285437, 1, 1, 0
285444, 1, 0, 0
285449, 0, 0, 0
285450, 0, 1, 0
285457, 0, 0, 0
285462, 1, 1, 0
285469, 1, 0, 0
285475, 1, 1, 0
285482, 1, 0, 0
285488, 1, 1, 0
285495, 1, 0, 0
285500, 0, 0, 0
285501, 0, 1, 0
285508, 0, 0, 0
285514, 0, 1, 0
285521, 0, 0, 0
285526, 0, 1, 0
285533, 0, 0, 0
285539, 0, 1, 0
285546, 0, 0, 0
285552, 0, 1, 0
285559, 0, 0, 0
285564, 1, 0, 0
285565, 1, 1, 0
285572, 1, 0, 0
285577, 0, 0, 0
285578, 0, 1, 0
285585, 0, 0, 0
285590, 0, 1, 0
285597, 0, 0, 0
285603, 0, 1, 0
285610, 0, 0, 0
285616, 0, 1, 0
285623, 0, 0, 0
285629, 0, 1, 0
285636, 0, 0, 0
285642, 0, 1, 0
285649, 0, 0, 0
285654, 0, 1, 0
285661, 0, 0, 0
285667, 0, 1, 0
285674, 0, 0, 0
285680, 0, 1, 0
285687, 0, 0, 0
285693, 0, 1, 0
285700, 0, 0, 0
285706, 0, 1, 0
285713, 0, 0, 0
285718, 0, 1, 0
285725, 0, 0, 0
285731, 0, 1, 0
285738, 0, 0, 0
285744, 0, 1, 0
285751, 0, 0, 0
285757, 0, 1, 0
285764, 0, 0, 0
285770, 0, 1, 0
285777, 0, 0, 0
285782, 0, 1, 0
285789, 0, 0, 0
285795, 0, 1, 0
285802, 0, 0, 0
285808, 0, 1, 0
285815, 0, 0, 0
285821, 0, 1, 0
285828, 0, 0, 0
285834, 0, 1, 0
285841, 0, 0, 0
285846, 0, 1, 0
285853, 0, 0, 0
285859, 0, 1, 0
285866, 0, 0, 0
285872, 0, 1, 0
285879, 0, 0, 0
285885, 0, 1, 0
285892, 0, 0, 0
285898, 0, 1, 0
285905, 0, 0, 0
285910, 0, 1, 0
285917, 0, 0, 0
285923, 0, 1, 0
285930, 0, 0, 0
285936, 0, 1, 0
285943, 0, 0, 0
285949, 0, 1, 0
285956, 0, 0, 0
285962, 0, 1, 0
285969, 0, 0, 0
285974, 0, 1, 0
285981, 0, 0, 0
285987, 0, 1, 0
285994, 0, 0, 0
286000, 0, 1, 0
286007, 0, 0, 0
286013, 0, 1, 0
286020, 0, 0, 0
286026, 0, 1, 0
286033, 0, 0, 0
286038, 0, 1, 0
286045, 0, 0, 0
286051, 0, 1, 0
286058, 0, 0, 0
286064, 0, 1, 0
286071, 0, 0, 0
286077, 0, 1, 0
286084, 0, 0, 0
286090, 0, 1, 0
286097, 0, 0, 0
286102, 0, 1, 0
286109, 0, 0, 0
286115, 0, 1, 0
286122, 0, 0, 0
286128, 0, 1, 0
286135, 0, 0, 0
286141, 0, 1, 0
286148, 0, 0, 0
286154, 0, 1, 0
286161, 0, 0, 0
286166, 0, 1, 0
286173, 0, 0, 0
286179, 0, 1, 0
286186, 0, 0, 0
286192, 0, 1, 0
286199, 0, 0, 0
286205, 0, 1, 0
286212, 0, 0, 0
286218, 0, 1, 0
286225, 0, 0, 0
286230, 0, 1, 0
286237, 0, 0, 0
286243, 0, 1, 0
286250, 0, 0, 0
286256, 0, 1, 0
286263, 0, 0, 0
286269, 0, 1, 0
286276, 0, 0, 0
286282, 0, 1, 0
286289, 0, 0, 0
286294, 0, 1, 0
286301, 0, 0, 0
286307, 0, 1, 0
286314, 0, 0, 0
286320, 0, 1, 0
286327, 0, 0, 0
286333, 0, 1, 0
286340, 0, 0, 0
286346, 0, 1, 0
286353, 0, 0, 0
286358, 0, 1, 0
286365, 0, 0, 0
286371, 0, 1, 0
286378, 0, 0, 0
286384, 0, 1, 0
286391, 0, 0, 0
286397, 0, 1, 0
286404, 0, 0, 0
286410, 0, 1, 0
286417, 0, 0, 0
286422, 0, 1, 0
286429, 0, 0, 0
286435, 0, 1, 0
286442, 0, 0, 0
286448, 0, 1, 0
286455, 0, 0, 0
286461, 0, 1, 0
286468, 0, 0, 0
286474, 0, 1, 0
286481, 0, 0, 0
286486, 0, 1, 0
286493, 0, 0, 0
286499, 0, 1, 0
286506, 0, 0, 0
286512, 0, 1, 0
286519, 0, 0, 0
286525, 0, 1, 0
286532, 0, 0, 0
286538, 0, 1, 0
286545, 0, 0, 0
286550, 0, 1, 0
286557, 0, 0, 0
286563, 0, 1, 0
286570, 0, 0, 0
286576, 0, 1, 0
286583, 0, 0, 0
286589, 0, 1, 0
286596, 0, 0, 0
286602, 0, 1, 0
286609, 0, 0, 0
286614, 0, 1, 0
286621, 0, 0, 0
286627, 0, 1, 0
286634, 0, 0, 0
286640, 0, 1, 0
286647, 0, 0, 0
286653, 0, 1, 0
286660, 0, 0, 0
286666, 0, 1, 0
286673, 0, 0, 0
286678, 0, 1, 0
286685, 0, 0, 0
286691, 0, 1, 0
286698, 0, 0, 0
286704, 0, 1, 0
286711, 0, 0, 0
286717, 0, 1, 0
286724, 0, 0, 0
286730, 0, 1, 0
286737, 0, 0, 0
286742, 0, 1, 0
286749, 0, 0, 0
286755, 0, 1, 0
286762, 0, 0, 0
286768, 0, 1, 0
286775, 0, 0, 0
286781, 0, 1, 0
286788, 0, 0, 0
286794, 0, 1, 0
286801, 0, 0, 0
286806, 0, 1, 0
286813, 0, 0, 0
286819, 0, 1, 0
286826, 0, 0, 0
286832, 0, 1, 0
286839, 0, 0, 0
286845, 0, 1, 0
286852, 0, 0, 0
286858, 0, 1, 0
286865, 0, 0, 0
286870, 0, 1, 0
286877, 0, 0, 0
286883, 0, 1, 0
286890, 0, 0, 0
286896, 0, 1, 0
286903, 0, 0, 0
286909, 0, 1, 0
286916, 0, 0, 0
286922, 0, 1, 0
286929, 0, 0, 0
286934, 0, 1, 0
286941, 0, 0, 0
286947, 0, 1, 0
286954, 0, 0, 0
286960, 0, 1, 0
286967, 0, 0, 0
286973, 0, 1, 0
286980, 0, 0, 0
286986, 0, 1, 0
286993, 0, 0, 0
286998, 0, 1, 1
287005, 0, 0, 1
287011, 1, 1, 0
287018, 1, 0, 0
287024, 1, 1, 0
287031, 1, 0, 0
287037, 1, 1, 0
287044, 1, 0, 0
287050, 1, 1, 0
287057, 1, 0, 0
287062, 1, 1, 0
287069, 1, 0, 0
287075, 1, 1, 0
287082, 1, 0, 0
287088, 0, 1, 0
287095, 0, 0, 0
287100, 1, 0, 0
287101, 1, 1, 0
287108, 1, 0, 0
287114, 1, 1, 0
287121, 1, 0, 0
287126, 1, 1, 0
287133, 1, 0, 0
287139, 0, 1, 0
287146, 0, 0, 0
287152, 0, 1, 0
287159, 0, 0, 0
287165, 0, 1, 0
287172, 0, 0, 0
287178, 0, 1, 0
287185, 0, 0, 0
287190, 0, 1, 0
287197, 0, 0, 0
287203, 1, 1, 0
287210, 1, 0, 0
287216, 0, 1, 0
287223, 0, 0, 0
287229, 0, 1, 0
287236, 0, 0, 0
287242, 0, 1, 0
287249, 0, 0, 0
287254, 0, 1, 0
287261, 0, 0, 0
287267, 0, 1, 0
287274, 0, 0, 0
287280, 0, 1, 0
287287, 0, 0, 0
287293, 0, 1, 0
287300, 0, 0, 0
287306, 0, 1, 0
287313, 0, 0, 0
287318, 0, 1, 0
287325, 0, 0, 0
287331, 0, 1, 0
287338, 0, 0, 0
287344, 0, 1, 0
287351, 0, 0, 0
287357, 0, 1, 0
287364, 0, 0, 0
287370, 0, 1, 0
287377, 0, 0, 0
287382, 0, 1, 0
287389, 0, 0, 0
287395, 0, 1, 0
287402, 0, 0, 0
287408, 0, 1, 0
287415, 0, 0, 0
287421, 0, 1, 0
287428, 0, 0, 0
287434, 0, 1, 0
287441, 0, 0, 0
287446, 0, 1, 0
287453, 0, 0, 0
287459, 0, 1, 0
287466, 0, 0, 0
287472, 0, 1, 0
287479, 0, 0, 0
287485, 0, 1, 0
287492, 0, 0, 0
287498, 0, 1, 0
287505, 0, 0, 0
287510, 0, 1, 0
287517, 0, 0, 0
287523, 0, 1, 0
287530, 0, 0, 0
287536, 0, 1, 0
287543, 0, 0, 0
287549, 0, 1, 0
287556, 0, 0, 0
287562, 0, 1, 0
287569, 0, 0, 0
287574, 0, 1, 0
287581, 0, 0, 0
287587, 0, 1, 0
287594, 0, 0, 0
287600, 0, 1, 0
287607, 0, 0, 0
287613, 0, 1, 0
287620, 0, 0, 0
287626, 0, 1, 0
287633, 0, 0, 0
287638, 0, 1, 0
287645, 0, 0, 0
287651, 0, 1, 0
287658, 0, 0, 0
287664, 0, 1, 0
287671, 0, 0, 0
287677, 0, 1, 0
287684, 0, 0, 0
287690, 0, 1, 0
287697, 0, 0, 0
287702, 0, 1, 0
287709, 0, 0, 0
287715, 0, 1, 0
287722, 0, 0, 0
287728, 0, 1, 0
287735, 0, 0, 0
287741, 0, 1, 0
287748, 0, 0, 0
287754, 0, 1, 0
287761, 0, 0, 0
287766, 0, 1, 0
287773, 0, 0, 0
287779, 0, 1, 0
287786, 0, 0, 0
287792, 0, 1, 0
287799, 0, 0, 0
287805, 0, 1, 0
287812, 0, 0, 0
287818, 0, 1, 0
287825, 0, 0, 0
287830, 0, 1, 0
287837, 0, 0, 0
287843, 0, 1, 0
287850, 0, 0, 0
287856, 0, 1, 0
287863, 0, 0, 0
287869, 0, 1, 0
287876, 0, 0, 0
287882, 0, 1, 0
287889, 0, 0, 0
287894, 0, 1, 0
287901, 0, 0, 0
287907, 0, 1, 0
287914, 0, 0, 0
287920, 0, 1, 0
287927, 0, 0, 0
287933, 0, 1, 0
287940, 0, 0, 0
287946, 0, 1, 0
287953, 0, 0, 0
287958, 0, 1, 0
287965, 0, 0, 0
287971, 0, 1, 0
287978, 0, 0, 0
287984, 0, 1, 0
287991, 0, 0, 0
287997, 0, 1, 0
288004, 0, 0, 0
288010, 0, 1, 0
288017, 0, 0, 0
288022, 0, 1, 0
288029, 0, 0, 0
288035, 0, 1, 0
288042, 0, 0, 0
288048, 0, 1, 0
288055, 0, 0, 0
288061, 0, 1, 0
288068, 0, 0, 0
288074, 0, 1, 0
288081, 0, 0, 0
288086, 0, 1, 0
288093, 0, 0, 0
288099, 0, 1, 0
288106, 0, 0, 0
288112, 0, 1, 0
288119, 0, 0, 0
288125, 0, 1, 0
288132, 0, 0, 0
288138, 0, 1, 0
288145, 0, 0, 0
288150, 0, 1, 0
288157, 0, 0, 0
288163, 0, 1, 0
288170, 0, 0, 0
288176, 0, 1, 0
288183, 0, 0, 0
288189, 0, 1, 0
288196, 0, 0, 0
288202, 0, 1, 0
288209, 0, 0, 0
288214, 0, 1, 0
288221, 0, 0, 0
288227, 0, 1, 0
288234, 0, 0, 0
288240, 0, 1, 0
288247, 0, 0, 0
288253, 0, 1, 0
288260, 0, 0, 0
288266, 0, 1, 0
288273, 0, 0, 0
288278, 0, 1, 0
288285, 0, 0, 0
288291, 0, 1, 0
288298, 0, 0, 0
288304, 0, 1, 0
288311, 0, 0, 0
288317, 0, 1, 0
288324, 0, 0, 0
288330, 0, 1, 0
288337, 0, 0, 0
288342, 0, 1, 0
288349, 0, 0, 0
288355, 0, 1, 0
288362, 0, 0, 0
288368, 0, 1, 0
288375, 0, 0, 0
288381, 0, 1, 0
288388, 0, 0, 0
288394, 0, 1, 0
288401, 0, 0, 0
288406, 0, 1, 0
288413, 0, 0, 0
288419, 0, 1, 0
288426, 0, 0, 0
288432, 0, 1, 0
288439, 0, 0, 0
288445, 0, 1, 0
288452, 0, 0, 0
288458, 0, 1, 0
288465, 0, 0, 0
288470, 0, 1, 0
288477, 0, 0, 0
288483, 0, 1, 0
288490, 0, 0, 0
288496, 0, 1, 0
288503, 0, 0, 0
288509, 0, 1, 0
288516, 0, 0, 0
288522, 0, 1, 0
288529, 0, 0, 0
288534, 0, 1, 0
288541, 0, 0, 0
288547, 0, 1, 0
288554, 0, 0, 0
288560, 0, 1, 0
288567, 0, 0, 0
288573, 0, 1, 0
288580, 0, 0, 0
288586, 0, 1, 0
288593, 0, 0, 0
288598, 0, 1, 0
288606, 0, 0, 0
288611, 0, 1, 0
288618, 0, 0, 0
288624, 0, 1, 0
288631, 0, 0, 0
288637, 0, 1, 1
288644, 0, 0, 1
288649, 1, 0, 0
288650, 1, 1, 0
288657, 1, 0, 0
288662, 1, 1, 0
288670, 1, 0, 0
288675, 1, 1, 0
288682, 1, 0, 0
288688, 1, 1, 0
288695, 1, 0, 0
288701, 1, 1, 0
288708, 1, 0, 0
288714, 1, 1, 0
288721, 1, 0, 0
288726, 0, 1, 0
288734, 0, 0, 0
288739, 1, 1, 0
288746, 1, 0, 0
288752, 1, 1, 0
288759, 1, 0, 0
288765, 1, 1, 0
288772, 1, 0, 0
288777, 0, 0, 0
288778, 0, 1, 0
288785, 0, 0, 0
288790, 0, 1, 0
288798, 0, 0, 0
288803, 0, 1, 0
288810, 0, 0, 0
288816, 0, 1, 0
288823, 0, 0, 0
288829, 0, 1, 0
288836, 0, 0, 0
288841, 1, 0, 0
288842, 1, 1, 0
288849, 1, 0, 0
288854, 0, 1, 0
288862, 0, 0, 0
288867, 0, 1, 0
288874, 0, 0, 0
288880, 0, 1, 0
288887, 0, 0, 0
288893, 0, 1, 0
288900, 0, 0, 0
288906, 0, 1, 0
288913, 0, 0, 0
288918, 0, 1, 0
288926, 0, 0, 0
288931, 0, 1, 0
288938, 0, 0, 0
288944, 0, 1, 0
288951, 0, 0, 0
288957, 0, 1, 0
288964, 0, 0, 0
288970, 0, 1, 0
288977, 0, 0, 0
288982, 0, 1, 0
288990, 0, 0, 0
288995, 0, 1, 0
289002, 0, 0, 0
289008, 0, 1, 0
289015, 0, 0, 0
289021, 0, 1, 0
289028, 0, 0, 0
289034, 0, 1, 0
289041, 0, 0, 0
289046, 0, 1, 0
289054, 0, 0, 0
289059, 0, 1, 0
289066, 0, 0, 0
289072, 0, 1, 0
289079, 0, 0, 0
289085, 0, 1, 0
289092, 0, 0, 0
289098, 0, 1, 0
289105, 0, 0, 0
289110, 0, 1, 0
289118, 0, 0, 0
289123, 0, 1, 0
289130, 0, 0, 0
289136, 0, 1, 0
289143, 0, 0, 0
289149, 0, 1, 0
289156, 0, 0, 0
289162, 0, 1, 0
289169, 0, 0, 0
289174, 0, 1, 0
289182, 0, 0, 0
289187, 0, 1, 0
289194, 0, 0, 0
289200, 0, 1, 0
289207, 0, 0, 0
289213, 0, 1, 0
289220, 0, 0, 0
289226, 0, 1, 0
289233, 0, 0, 0
289238, 0, 1, 0
289246, 0, 0, 0
289251, 0, 1, 0
289258, 0, 0, 0
289264, 0, 1, 0
289271, 0, 0, 0
289277, 0, 1, 0
289284, 0, 0, 0
289290, 0, 1, 0
289297, 0, 0, 0
289302, 0, 1, 0
289310, 0, 0, 0
289315, 0, 1, 0
289322, 0, 0, 0
289328, 0, 1, 0
289335, 0, 0, 0
289341, 0, 1, 0
289348, 0, 0, 0
289354, 0, 1, 0
289361, 0, 0, 0
289367, 0, 1, 0
289374, 0, 0, 0
289379, 0, 1, 0
289386, 0, 0, 0
289392, 0, 1, 0
289399, 0, 0, 0
289405, 0, 1, 0
289412, 0, 0, 0
289418, 0, 1, 0
289425, 0, 0, 0
289431, 0, 1, 0
289438, 0, 0, 0
289443, 0, 1, 0
289450, 0, 0, 0
289456, 0, 1, 0
289463, 0, 0, 0
289469, 0, 1, 0
289476, 0, 0, 0
289482, 0, 1, 0
289489, 0, 0, 0
289495, 0, 1, 0
289502, 0, 0, 0
289507, 0, 1, 0
289514, 0, 0, 0
289520, 0, 1, 0
289527, 0, 0, 0
289533, 0, 1, 0
289540, 0, 0, 0
289546, 0, 1, 0
289553, 0, 0, 0
289559, 0, 1, 0
289566, 0, 0, 0
289571, 0, 1, 0
289578, 0, 0, 0
289584, 0, 1, 0
289591, 0, 0, 0
289597, 0, 1, 0
289604, 0, 0, 0
289610, 0, 1, 0
289617, 0, 0, 0
289623, 0, 1, 0
289630, 0, 0, 0
289635, 0, 1, 0
289642, 0, 0, 0
289648, 0, 1, 0
289655, 0, 0, 0
289661, 0, 1, 0
289668, 0, 0, 0
289674, 0, 1, 0
289681, 0, 0, 0
289687, 0, 1, 0
289694, 0, 0, 0
289699, 0, 1, 0
289706, 0, 0, 0
289712, 0, 1, 0
289719, 0, 0, 0
289725, 0, 1, 0
289732, 0, 0, 0
289738, 0, 1, 0
289745, 0, 0, 0
289751, 0, 1, 0
289758, 0, 0, 0
289763, 0, 1, 0
289770, 0, 0, 0
289776, 0, 1, 0
289783, 0, 0, 0
289789, 0, 1, 0
289796, 0, 0, 0
289802, 0, 1, 0
289809, 0, 0, 0
289815, 0, 1, 0
289822, 0, 0, 0
289827, 0, 1, 0
289834, 0, 0, 0
289840, 0, 1, 0
289847, 0, 0, 0
289853, 0, 1, 0
289860, 0, 0, 0
289866, 0, 1, 0
289873, 0, 0, 0
289879, 0, 1, 0
289886, 0, 0, 0
289891, 0, 1, 0
289898, 0, 0, 0
289904, 0, 1, 0
289911, 0, 0, 0
289917, 0, 1, 0
289924, 0, 0, 0
289930, 0, 1, 0
289937, 0, 0, 0
289943, 0, 1, 0
289950, 0, 0, 0
289955, 0, 1, 0
289962, 0, 0, 0
289968, 0, 1, 0
289975, 0, 0, 0
289981, 0, 1, 0
289988, 0, 0, 0
289994, 0, 1, 0
290001, 0, 0, 0
290007, 0, 1, 0
290014, 0, 0, 0
290019, 0, 1, 0
290026, 0, 0, 0
290032, 0, 1, 0
290039, 0, 0, 0
290045, 0, 1, 0
290052, 0, 0, 0
290058, 0, 1, 0
290065, 0, 0, 0
290071, 0, 1, 0
290078, 0, 0, 0
290083, 0, 1, 0
290090, 0, 0, 0
290096, 0, 1, 0
290103, 0, 0, 0
290109, 0, 1, 0
290116, 0, 0, 0
290122, 0, 1, 0
290129, 0, 0, 0
290135, 0, 1, 0
290142, 0, 0, 0
290147, 0, 1, 0
290154, 0, 0, 0
290160, 0, 1, 0
290167, 0, 0, 0
290173, 0, 1, 0
290180, 0, 0, 0
290186, 0, 1, 0
290193, 0, 0, 0
290199, 0, 1, 0
290206, 0, 0, 0
290211, 0, 1, 0
290218, 0, 0, 0
290224, 0, 1, 0
290231, 0, 0, 0
290237, 0, 1, 0
290244, 0, 0, 0
290250, 0, 1, 0
290257, 0, 0, 0
290263, 0, 1, 0
290270, 0, 0, 0
290275, 0, 1, 1
290282, 0, 0, 1
290288, 1, 1, 0
290295, 1, 0, 0
290301, 1, 1, 0
290308, 1, 0, 0
290314, 1, 1, 0
290321, 1, 0, 0
290327, 1, 1, 0
290334, 1, 0, 0
290339, 1, 1, 0
290346, 1, 0, 0
290352, 1, 1, 0
290359, 1, 0, 0
290365, 0, 1, 0
290372, 0, 0, 0
290377, 1, 0, 0
290378, 1, 1, 0
290385, 1, 0, 0
290391, 1, 1, 0
290398, 1, 0, 0
290403, 1, 1, 0
290410, 1, 0, 0
290416, 0, 1, 0
290423, 0, 0, 0
290429, 0, 1, 0
290436, 0, 0, 0
290442, 0, 1, 0
290449, 0, 0, 0
290455, 0, 1, 0
290462, 0, 0, 0
290467, 0, 1, 0
290474, 0, 0, 0
290480, 1, 1, 0
290487, 1, 0, 0
290493, 0, 1, 0
290500, 0, 0, 0
290506, 0, 1, 0
290513, 0, 0, 0
290519, 0, 1, 0
290526, 0, 0, 0
290531, 0, 1, 0
290538, 0, 0, 0
290544, 0, 1, 0
290551, 0, 0, 0
290557, 0, 1, 0
290564, 0, 0, 0
290570, 0, 1, 0
290577, 0, 0, 0
290583, 0, 1, 0
290590, 0, 0, 0
290595, 0, 1, 0
290602, 0, 0, 0
290608, 0, 1, 0
290615, 0, 0, 0
290621, 0, 1, 0
290628, 0, 0, 0
290634, 0, 1, 0
290641, 0, 0, 0
290647, 0, 1, 0
290654, 0, 0, 0
290659, 0, 1, 0
290666, 0, 0, 0
290672, 0, 1, 0
290679, 0, 0, 0
290685, 0, 1, 0
290692, 0, 0, 0
290698, 0, 1, 0
290705, 0, 0, 0
290711, 0, 1, 0
290718, 0, 0, 0
290723, 0, 1, 0
290730, 0, 0, 0
290736, 0, 1, 0
290743, 0, 0, 0
290749, 0, 1, 0
290756, 0, 0, 0
290762, 0, 1, 0
290769, 0, 0, 0
290775, 0, 1, 0
290782, 0, 0, 0
290787, 0, 1, 0
290794, 0, 0, 0
290800, 0, 1, 0
290807, 0, 0, 0
290813, 0, 1, 0
290820, 0, 0, 0
290826, 0, 1, 0
290833, 0, 0, 0
290839, 0, 1, 0
290846, 0, 0, 0
290851, 0, 1, 0
290858, 0, 0, 0
290864, 0, 1, 0
290871, 0, 0, 0
290877, 0, 1, 0
290884, 0, 0, 0
290890, 0, 1, 0
290897, 0, 0, 0
290903, 0, 1, 0
290910, 0, 0, 0
290915, 0, 1, 0
290922, 0, 0, 0
290928, 0, 1, 0
290935, 0, 0, 0
290941, 0, 1, 0
290948, 0, 0, 0
290954, 0, 1, 0
290961, 0, 0, 0
290967, 0, 1, 0
290974, 0, 0, 0
290979, 0, 1, 0
290986, 0, 0, 0
290992, 0, 1, 0
290999, 0, 0, 0
291005, 0, 1, 0
291012, 0, 0, 0
291018, 0, 1, 0
291025, 0, 0, 0
291031, 0, 1, 0
291038, 0, 0, 0
291043, 0, 1, 0
291050, 0, 0, 0
291056, 0, 1, 0
291063, 0, 0, 0
291069, 0, 1, 0
291076, 0, 0, 0
291082, 0, 1, 0
291089, 0, 0, 0
291095, 0, 1, 0
291102, 0, 0, 0
291107, 0, 1, 0
291114, 0, 0, 0
291120, 0, 1, 0
291127, 0, 0, 0
291133, 0, 1, 0
291140, 0, 0, 0
291146, 0, 1, 0
291153, 0, 0, 0
291159, 0, 1, 0
291166, 0, 0, 0
291171, 0, 1, 0
291178, 0, 0, 0
291184, 0, 1, 0
291191, 0, 0, 0
291197, 0, 1, 0
291204, 0, 0, 0
291210, 0, 1, 0
291217, 0, 0, 0
291223, 0, 1, 0
291230, 0, 0, 0
291235, 0, 1, 0
291242, 0, 0, 0
291248, 0, 1, 0
291255, 0, 0, 0
291261, 0, 1, 0
291268, 0, 0, 0
291274, 0, 1, 0
291281, 0, 0, 0
291287, 0, 1, 0
291294, 0, 0, 0
291299, 0, 1, 0
291306, 0, 0, 0
291312, 0, 1, 0
291319, 0, 0, 0
291325, 0, 1, 0
291332, 0, 0, 0
291338, 0, 1, 0
291345, 0, 0, 0
291351, 0, 1, 0
291358, 0, 0, 0
291363, 0, 1, 0
291370, 0, 0, 0
291376, 0, 1, 0
291383, 0, 0, 0
291389, 0, 1, 0
291396, 0, 0, 0
291402, 0, 1, 0
291409, 0, 0, 0
291415, 0, 1, 0
291422, 0, 0, 0
291427, 0, 1, 0
291434, 0, 0, 0
291440, 0, 1, 0
291447, 0, 0, 0
291453, 0, 1, 0
291460, 0, 0, 0
291466, 0, 1, 0
291473, 0, 0, 0
291479, 0, 1, 0
291486, 0, 0, 0
291491, 0, 1, 0
291498, 0, 0, 0
291504, 0, 1, 0
291511, 0, 0, 0
291517, 0, 1, 0
291524, 0, 0, 0
291530, 0, 1, 0
291537, 0, 0, 0
291543, 0, 1, 0
291550, 0, 0, 0
291555, 0, 1, 0
291562, 0, 0, 0
291568, 0, 1, 0
291575, 0, 0, 0
291581, 0, 1, 0
291588, 0, 0, 0
291594, 0, 1, 0
291601, 0, 0, 0
291607, 0, 1, 0
291614, 0, 0, 0
291619, 0, 1, 0
291626, 0, 0, 0
291632, 0, 1, 0
291639, 0, 0, 0
291645, 0, 1, 0
291652, 0, 0, 0
291658, 0, 1, 0
291665, 0, 0, 0
291671, 0, 1, 0
291678, 0, 0, 0
291683, 0, 1, 0
291690, 0, 0, 0
291696, 0, 1, 0
291703, 0, 0, 0
291709, 0, 1, 0
291716, 0, 0, 0
291722, 0, 1, 0
291729, 0, 0, 0
291735, 0, 1, 0
291742, 0, 0, 0
291747, 0, 1, 0
291754, 0, 0, 0
291760, 0, 1, 0
291767, 0, 0, 0
291773, 0, 1, 0
291780, 0, 0, 0
291786, 0, 1, 0
291793, 0, 0, 0
291799, 0, 1, 0
291806, 0, 0, 0
291811, 0, 1, 0
291818, 0, 0, 0
291824, 0, 1, 0
291831, 0, 0, 0
291837, 0, 1, 0
291844, 0, 0, 0
291850, 0, 1, 0
291857, 0, 0, 0
291863, 0, 1, 0
291870, 0, 0, 0
291875, 0, 1, 0
291882, 0, 0, 0
291888, 0, 1, 0
291895, 0, 0, 0
291901, 0, 1, 0
291908, 0, 0, 0
291914, 0, 1, 1
291921, 0, 0, 1
291926, 1, 0, 0
291927, 1, 1, 0
291934, 1, 0, 0
291939, 1, 1, 0
291946, 1, 0, 0
291952, 1, 1, 0
291959, 1, 0, 0
291965, 1, 1, 0
291972, 1, 0, 0
291978, 1, 1, 0
291985, 1, 0, 0
291991, 1, 1, 0
291998, 1, 0, 0
292003, 0, 1, 0
292010, 0, 0, 0
292016, 1, 1, 0
292023, 1, 0, 0
292029, 1, 1, 0
292036, 1, 0, 0
292042, 1, 1, 0
292049, 1, 0, 0
292054, 0, 0, 0
292055, 0, 1, 0
292062, 0, 0, 0
292067, 0, 1, 0
292074, 0, 0, 0
292080, 0, 1, 0
292087, 0, 0, 0
292093, 0, 1, 0
292100, 0, 0, 0
292106, 0, 1, 0
292113, 0, 0, 0
292118, 1, 0, 0
292119, 1, 1, 0
292126, 1, 0, 0
292131, 0, 1, 0
292138, 0, 0, 0
292144, 0, 1, 0
292151, 0, 0, 0
292157, 0, 1, 0
292164, 0, 0, 0
292170, 0, 1, 0
292177, 0, 0, 0
292183, 0, 1, 0
292190, 0, 0, 0
292195, 0, 1, 0
292202, 0, 0, 0
292208, 0, 1, 0
292215, 0, 0, 0
292221, 0, 1, 0
292228, 0, 0, 0
292234, 0, 1, 0
292241, 0, 0, 0
292247, 0, 1, 0
292254, 0, 0, 0
292259, 0, 1, 0
292266, 0, 0, 0
292272, 0, 1, 0
292279, 0, 0, 0
292285, 0, 1, 0
292292, 0, 0, 0
292298, 0, 1, 0
292305, 0, 0, 0
292311, 0, 1, 0
292318, 0, 0, 0
292323, 0, 1, 0
292330, 0, 0, 0
292336, 0, 1, 0
292343, 0, 0, 0
292349, 0, 1, 0
292356, 0, 0, 0
292362, 0, 1, 0
292369, 0, 0, 0
292375, 0, 1, 0
292382, 0, 0, 0
292387, 0, 1, 0
292394, 0, 0, 0
292400, 0, 1, 0
292407, 0, 0, 0
292413, 0, 1, 0
292420, 0, 0, 0
292426, 0, 1, 0
292433, 0, 0, 0
292439, 0, 1, 0
292446, 0, 0, 0
292451, 0, 1, 0
292458, 0, 0, 0
292464, 0, 1, 0
292471, 0, 0, 0
292477, 0, 1, 0
292484, 0, 0, 0
292490, 0, 1, 0
292497, 0, 0, 0
292503, 0, 1, 0
292510, 0, 0, 0
292515, 0, 1, 0
292522, 0, 0, 0
292528, 0, 1, 0
292535, 0, 0, 0
292541, 0, 1, 0
292548, 0, 0, 0
292554, 0, 1, 0
292561, 0, 0, 0
292567, 0, 1, 0
292574, 0, 0, 0
292579, 0, 1, 0
292586, 0, 0, 0
292592, 0, 1, 0
292599, 0, 0, 0
292605, 0, 1, 0
292612, 0, 0, 0
292618, 0, 1, 0
292625, 0, 0, 0
292631, 0, 1, 0
292638, 0, 0, 0
292643, 0, 1, 0
292650, 0, 0, 0
292656, 0, 1, 0
292663, 0, 0, 0
292669, 0, 1, 0
292676, 0, 0, 0
292682, 0, 1, 0
292689, 0, 0, 0
292695, 0, 1, 0
292702, 0, 0, 0
292707, 0, 1, 0
292714, 0, 0, 0
292720, 0, 1, 0
292727, 0, 0, 0
292733, 0, 1, 0
292740, 0, 0, 0
292746, 0, 1, 0
292753, 0, 0, 0
292759, 0, 1, 0
292766, 0, 0, 0
292771, 0, 1, 0
292778, 0, 0, 0
292784, 0, 1, 0
292791, 0, 0, 0
292797, 0, 1, 0
292804, 0, 0, 0
292810, 0, 1, 0
292817, 0, 0, 0
292823, 0, 1, 0
292830, 0, 0, 0
292835, 0, 1, 0
292842, 0, 0, 0
292848, 0, 1, 0
292855, 0, 0, 0
292861, 0, 1, 0
292868, 0, 0, 0
292874, 0, 1, 0
292881, 0, 0, 0
292887, 0, 1, 0
292894, 0, 0, 0
292899, 0, 1, 0
292906, 0, 0, 0
292912, 0, 1, 0
292919, 0, 0, 0
292925, 0, 1, 0
292932, 0, 0, 0
292938, 0, 1, 0
292945, 0, 0, 0
292951, 0, 1, 0
292958, 0, 0, 0
292963, 0, 1, 0
292970, 0, 0, 0
292976, 0, 1, 0
292983, 0, 0, 0
292989, 0, 1, 0
292996, 0, 0, 0
293002, 0, 1, 0
293009, 0, 0, 0
293015, 0, 1, 0
293022, 0, 0, 0
293027, 0, 1, 0
293034, 0, 0, 0
293040, 0, 1, 0
293047, 0, 0, 0
293053, 0, 1, 0
293060, 0, 0, 0
293066, 0, 1, 0
293073, 0, 0, 0
293079, 0, 1, 0
293086, 0, 0, 0
293091, 0, 1, 0
293098, 0, 0, 0
293104, 0, 1, 0
293111, 0, 0, 0
293117, 0, 1, 0
293124, 0, 0, 0
293130, 0, 1, 0
293137, 0, 0, 0
293143, 0, 1, 0
293150, 0, 0, 0
293155, 0, 1, 0
293162, 0, 0, 0
293168, 0, 1, 0
293175, 0, 0, 0
293181, 0, 1, 0
293188, 0, 0, 0
293194, 0, 1, 0
293201, 0, 0, 0
293207, 0, 1, 0
293214, 0, 0, 0
293219, 0, 1, 0
293226, 0, 0, 0
293232, 0, 1, 0
293239, 0, 0, 0
293245, 0, 1, 0
293252, 0, 0, 0
293258, 0, 1, 0
293265, 0, 0, 0
293271, 0, 1, 0
293278, 0, 0, 0
293283, 0, 1, 0
293290, 0, 0, 0
293296, 0, 1, 0
293303, 0, 0, 0
293309, 0, 1, 0
293316, 0, 0, 0
293322, 0, 1, 0
293329, 0, 0, 0
293335, 0, 1, 0
293342, 0, 0, 0
293347, 0, 1, 0
293354, 0, 0, 0
293360, 0, 1, 0
293367, 0, 0, 0
293373, 0, 1, 0
293380, 0, 0, 0
293386, 0, 1, 0
293393, 0, 0, 0
293399, 0, 1, 0
293406, 0, 0, 0
293411, 0, 1, 0
293418, 0, 0, 0
293424, 0, 1, 0
293431, 0, 0, 0
293437, 0, 1, 0
293444, 0, 0, 0
293450, 0, 1, 0
293457, 0, 0, 0
293463, 0, 1, 0
293470, 0, 0, 0
293475, 0, 1, 0
293483, 0, 0, 0
293488, 0, 1, 0
293495, 0, 0, 0
293501, 0, 1, 0
293508, 0, 0, 0
293514, 0, 1, 0
293521, 0, 0, 0
293527, 0, 1, 0
293534, 0, 0, 0
293539, 0, 1, 0
293547, 0, 0, 0
293552, 0, 1, 1
293559, 0, 0, 1
293565, 1, 1, 0
293572, 1, 0, 0
293578, 1, 1, 0
293585, 1, 0, 0
293591, 1, 1, 0
293598, 1, 0, 0
293603, 1, 1, 0
293611, 1, 0, 0
293616, 1, 1, 0
293623, 1, 0, 0
293629, 1, 1, 0
293636, 1, 0, 0
293641, 0, 0, 0
293642, 0, 1, 0
293649, 0, 0, 0
293654, 1, 0, 0
293655, 1, 1, 0
293662, 1, 0, 0
293667, 1, 1, 0
293675, 1, 0, 0
293680, 1, 1, 0
293687, 1, 0, 0
293693, 0, 1, 0
293700, 0, 0, 0
293706, 0, 1, 0
293713, 0, 0, 0
293719, 0, 1, 0
293726, 0, 0, 0
293731, 0, 1, 0
293739, 0, 0, 0
293744, 0, 1, 0
293751, 0, 0, 0
293757, 1, 1, 0
293764, 1, 0, 0
293769, 0, 0, 0
293770, 0, 1, 0
293777, 0, 0, 0
293783, 0, 1, 0
293790, 0, 0, 0
293795, 0, 1, 0
293803, 0, 0, 0
293808, 0, 1, 0
293815, 0, 0, 0
293821, 0, 1, 0
293828, 0, 0, 0
293834, 0, 1, 0
293841, 0, 0, 0
293847, 0, 1, 0
293854, 0, 0, 0
293859, 0, 1, 0
293867, 0, 0, 0
293872, 0, 1, 0
293879, 0, 0, 0
293885, 0, 1, 0
293892, 0, 0, 0
293898, 0, 1, 0
293905, 0, 0, 0
293911, 0, 1, 0
293918, 0, 0, 0
293923, 0, 1, 0
293931, 0, 0, 0
293936, 0, 1, 0
293943, 0, 0, 0
293949, 0, 1, 0
293956, 0, 0, 0
293962, 0, 1, 0
293969, 0, 0, 0
293975, 0, 1, 0
293982, 0, 0, 0
293987, 0, 1, 0
293995, 0, 0, 0
294000, 0, 1, 0
294007, 0, 0, 0
294013, 0, 1, 0
294020, 0, 0, 0
294026, 0, 1, 0
294033, 0, 0, 0
294039, 0, 1, 0
294046, 0, 0, 0
294051, 0, 1, 0
294059, 0, 0, 0
294064, 0, 1, 0
294071, 0, 0, 0
294077, 0, 1, 0
294084, 0, 0, 0
294090, 0, 1, 0
294097, 0, 0, 0
294103, 0, 1, 0
294110, 0, 0, 0
294115, 0, 1, 0
294123, 0, 0, 0
294128, 0, 1, 0
294135, 0, 0, 0
294141, 0, 1, 0
294148, 0, 0, 0
294154, 0, 1, 0
294161, 0, 0, 0
294167, 0, 1, 0
294174, 0, 0, 0
294179, 0, 1, 0
294187, 0, 0, 0
294192, 0, 1, 0
294199, 0, 0, 0
294205, 0, 1, 0
294212, 0, 0, 0
294218, 0, 1, 0
294225, 0, 0, 0
294231, 0, 1, 0
294238, 0, 0, 0
294243, 0, 1, 0
294251, 0, 0, 0
294256, 0, 1, 0
294263, 0, 0, 0
294269, 0, 1, 0
294276, 0, 0, 0
294282, 0, 1, 0
294289, 0, 0, 0
294295, 0, 1, 0
294302, 0, 0, 0
294308, 0, 1, 0
294315, 0, 0, 0
294320, 0, 1, 0
294327, 0, 0, 0
294333, 0, 1, 0
294340, 0, 0, 0
294346, 0, 1, 0
294353, 0, 0, 0
294359, 0, 1, 0
294366, 0, 0, 0
294372, 0, 1, 0
294379, 0, 0, 0
294384, 0, 1, 0
294391, 0, 0, 0
294397, 0, 1, 0
294404, 0, 0, 0
294410, 0, 1, 0
294417, 0, 0, 0
294423, 0, 1, 0
294430, 0, 0, 0
294436, 0, 1, 0
294443, 0, 0, 0
294448, 0, 1, 0
294455, 0, 0, 0
294461, 0, 1, 0
294468, 0, 0, 0
294474, 0, 1, 0
294481, 0, 0, 0
294487, 0, 1, 0
294494, 0, 0, 0
294500, 0, 1, 0
294507, 0, 0, 0
294512, 0, 1, 0
294519, 0, 0, 0
294525, 0, 1, 0
294532, 0, 0, 0
294538, 0, 1, 0
294545, 0, 0, 0
294551, 0, 1, 0
294558, 0, 0, 0
294564, 0, 1, 0
294571, 0, 0, 0
294576, 0, 1, 0
294583, 0, 0, 0
294589, 0, 1, 0
294596, 0, 0, 0
294602, 0, 1, 0
294609, 0, 0, 0
294615, 0, 1, 0
294622, 0, 0, 0
294628, 0, 1, 0
294635, 0, 0, 0
294640, 0, 1, 0
294647, 0, 0, 0
294653, 0, 1, 0
294660, 0, 0, 0
294666, 0, 1, 0
294673, 0, 0, 0
294679, 0, 1, 0
294686, 0, 0, 0
294692, 0, 1, 0
294699, 0, 0, 0
294704, 0, 1, 0
294711, 0, 0, 0
294717, 0, 1, 0
294724, 0, 0, 0
294730, 0, 1, 0
294737, 0, 0, 0
294743, 0, 1, 0
294750, 0, 0, 0
294756, 0, 1, 0
294763, 0, 0, 0
294768, 0, 1, 0
294775, 0, 0, 0
294781, 0, 1, 0
294788, 0, 0, 0
294794, 0, 1, 0
294801, 0, 0, 0
294807, 0, 1, 0
294814, 0, 0, 0
294820, 0, 1, 0
294827, 0, 0, 0
294832, 0, 1, 0
294839, 0, 0, 0
294845, 0, 1, 0
294852, 0, 0, 0
294858, 0, 1, 0
294865, 0, 0, 0
294871, 0, 1, 0
294878, 0, 0, 0
294884, 0, 1, 0
294891, 0, 0, 0
294896, 0, 1, 0
294903, 0, 0, 0
294909, 0, 1, 0
294916, 0, 0, 0
294922, 0, 1, 0
294929, 0, 0, 0
294935, 0, 1, 0
294942, 0, 0, 0
294948, 0, 1, 0
294955, 0, 0, 0
294960, 0, 1, 0
294967, 0, 0, 0
294973, 0, 1, 0
294980, 0, 0, 0
294986, 0, 1, 0
294993, 0, 0, 0
294999, 0, 1, 0
295006, 0, 0, 0
295012, 0, 1, 0
295019, 0, 0, 0
295024, 0, 1, 0
295031, 0, 0, 0
295037, 0, 1, 0
295044, 0, 0, 0
295050, 0, 1, 0
295057, 0, 0, 0
295063, 0, 1, 0
295070, 0, 0, 0
295076, 0, 1, 0
295083, 0, 0, 0
295088, 0, 1, 0
295095, 0, 0, 0
295101, 0, 1, 0
295108, 0, 0, 0
295114, 0, 1, 0
295121, 0, 0, 0
295127, 0, 1, 0
295134, 0, 0, 0
295140, 0, 1, 0
295147, 0, 0, 0
295152, 0, 1, 0
295159, 0, 0, 0
295165, 0, 1, 0
295172, 0, 0, 0
295178, 0, 1, 0
295185, 0, 0, 0
295190, 0, 0, 1
295191, 0, 1, 1
295198, 0, 0, 1
295203, 1, 0, 0
295204, 1, 1, 0
295211, 1, 0, 0
295216, 1, 1, 0
295223, 1, 0, 0
295229, 1, 1, 0
295236, 1, 0, 0
295242, 1, 1, 0
295249, 1, 0, 0
295255, 1, 1, 0
295262, 1, 0, 0
295268, 1, 1, 0
295275, 1, 0, 0
295280, 0, 1, 0
295287, 0, 0, 0
295293, 1, 1, 0
295300, 1, 0, 0
295306, 1, 1, 0
295313, 1, 0, 0
295319, 1, 1, 0
295326, 1, 0, 0
295331, 0, 0, 0
295332, 0, 1, 0
295339, 0, 0, 0
295344, 0, 1, 0
295351, 0, 0, 0
295357, 0, 1, 0
295364, 0, 0, 0
295370, 0, 1, 0
295377, 0, 0, 0
295383, 0, 1, 0
295390, 0, 0, 0
295395, 1, 0, 0
295396, 1, 1, 0
295403, 1, 0, 0
295408, 0, 1, 0
295415, 0, 0, 0
295421, 0, 1, 0
295428, 0, 0, 0
295434, 0, 1, 0
295441, 0, 0, 0
295447, 0, 1, 0
295454, 0, 0, 0
295460, 0, 1, 0
295467, 0, 0, 0
295472, 0, 1, 0
295479, 0, 0, 0
295485, 0, 1, 0
295492, 0, 0, 0
295498, 0, 1, 0
295505, 0, 0, 0
295511, 0, 1, 0
295518, 0, 0, 0
295524, 0, 1, 0
295531, 0, 0, 0
295536, 0, 1, 0
295543, 0, 0, 0
295549, 0, 1, 0
295556, 0, 0, 0
295562, 0, 1, 0
295569, 0, 0, 0
295575, 0, 1, 0
295582, 0, 0, 0
295588, 0, 1, 0
295595, 0, 0, 0
295600, 0, 1, 0
295607, 0, 0, 0
295613, 0, 1, 0
295620, 0, 0, 0
295626, 0, 1, 0
295633, 0, 0, 0
295639, 0, 1, 0
295646, 0, 0, 0
295652, 0, 1, 0
295659, 0, 0, 0
295664, 0, 1, 0
295671, 0, 0, 0
295677, 0, 1, 0
295684, 0, 0, 0
295690, 0, 1, 0
295697, 0, 0, 0
295703, 0, 1, 0
295710, 0, 0, 0
295716, 0, 1, 0
295723, 0, 0, 0
295728, 0, 1, 0
295735, 0, 0, 0
295741, 0, 1, 0
295748, 0, 0, 0
295754, 0, 1, 0
295761, 0, 0, 0
295767, 0, 1, 0
295774, 0, 0, 0
295780, 0, 1, 0
295787, 0, 0, 0
295792, 0, 1, 0
295799, 0, 0, 0
295805, 0, 1, 0
295812, 0, 0, 0
295818, 0, 1, 0
295825, 0, 0, 0
295831, 0, 1, 0
295838, 0, 0, 0
295844, 0, 1, 0
295851, 0, 0, 0
295856, 0, 1, 0
295863, 0, 0, 0
295869, 0, 1, 0
295876, 0, 0, 0
295882, 0, 1, 0
295889, 0, 0, 0
295895, 0, 1, 0
295902, 0, 0, 0
295908, 0, 1, 0
295915, 0, 0, 0
295920, 0, 1, 0
295927, 0, 0, 0
295933, 0, 1, 0
295940, 0, 0, 0
295946, 0, 1, 0
295953, 0, 0, 0
295959, 0, 1, 0
295966, 0, 0, 0
295972, 0, 1, 0
295979, 0, 0, 0
295984, 0, 1, 0
295991, 0, 0, 0
295997, 0, 1, 0
296004, 0, 0, 0
296010, 0, 1, 0
296017, 0, 0, 0
296023, 0, 1, 0
296030, 0, 0, 0
296036, 0, 1, 0
296043, 0, 0, 0
296048, 0, 1, 0
296055, 0, 0, 0
296061, 0, 1, 0
296068, 0, 0, 0
296074, 0, 1, 0
296081, 0, 0, 0
296087, 0, 1, 0
296094, 0, 0, 0
296100, 0, 1, 0
296107, 0, 0, 0
296112, 0, 1, 0
296119, 0, 0, 0
296125, 0, 1, 0
296132, 0, 0, 0
296138, 0, 1, 0
296145, 0, 0, 0
296151, 0, 1, 0
296158, 0, 0, 0
296164, 0, 1, 0
296171, 0, 0, 0
296176, 0, 1, 0
296183, 0, 0, 0
296189, 0, 1, 0
296196, 0, 0, 0
296202, 0, 1, 0
296209, 0, 0, 0
296215, 0, 1, 0
296222, 0, 0, 0
296228, 0, 1, 0
296235, 0, 0, 0
296240, 0, 1, 0
296247, 0, 0, 0
296253, 0, 1, 0
296260, 0, 0, 0
296266, 0, 1, 0
296273, 0, 0, 0
296279, 0, 1, 0
296286, 0, 0, 0
296292, 0, 1, 0
296299, 0, 0, 0
296304, 0, 1, 0
296311, 0, 0, 0
296317, 0, 1, 0
296324, 0, 0, 0
296330, 0, 1, 0
296337, 0, 0, 0
296343, 0, 1, 0
296350, 0, 0, 0
296356, 0, 1, 0
296363, 0, 0, 0
296368, 0, 1, 0
296375, 0, 0, 0
296381, 0, 1, 0
296388, 0, 0, 0
296394, 0, 1, 0
296401, 0, 0, 0
296407, 0, 1, 0
296414, 0, 0, 0
296420, 0, 1, 0
296427, 0, 0, 0
296432, 0, 1, 0
296439, 0, 0, 0
296445, 0, 1, 0
296452, 0, 0, 0
296458, 0, 1, 0
296465, 0, 0, 0
296471, 0, 1, 0
296478, 0, 0, 0
296484, 0, 1, 0
296491, 0, 0, 0
296496, 0, 1, 0
296503, 0, 0, 0
296509, 0, 1, 0
296516, 0, 0, 0
296522, 0, 1, 0
296529, 0, 0, 0
296535, 0, 1, 0
296542, 0, 0, 0
296548, 0, 1, 0
296555, 0, 0, 0
296560, 0, 1, 0
296567, 0, 0, 0
296573, 0, 1, 0
296580, 0, 0, 0
296586, 0, 1, 0
296593, 0, 0, 0
296599, 0, 1, 0
296606, 0, 0, 0
296612, 0, 1, 0
296619, 0, 0, 0
296624, 0, 1, 0
296631, 0, 0, 0
296637, 0, 1, 0
296644, 0, 0, 0
296650, 0, 1, 0
296657, 0, 0, 0
296663, 0, 1, 0
296670, 0, 0, 0
296676, 0, 1, 0
296683, 0, 0, 0
296688, 0, 1, 0
296695, 0, 0, 0
296701, 0, 1, 0
296708, 0, 0, 0
296714, 0, 1, 0
296721, 0, 0, 0
296727, 0, 1, 0
296734, 0, 0, 0
296740, 0, 1, 0
296747, 0, 0, 0
296752, 0, 1, 0
296759, 0, 0, 0
296765, 0, 1, 0
296772, 0, 0, 0
296778, 0, 1, 0
296785, 0, 0, 0
296791, 0, 1, 0
296798, 0, 0, 0
296804, 0, 1, 0
296811, 0, 0, 0
296816, 0, 1, 0
296823, 0, 0, 0
296829, 0, 1, 1
296836, 0, 0, 1
296842, 1, 1, 0
296849, 1, 0, 0
296855, 1, 1, 0
296862, 1, 0, 0
296868, 1, 1, 0
296875, 1, 0, 0
296880, 1, 1, 0
296887, 1, 0, 0
296893, 1, 1, 0
296900, 1, 0, 0
296906, 1, 1, 0
296913, 1, 0, 0
296918, 0, 0, 0
296919, 0, 1, 0
296926, 0, 0, 0
296931, 1, 0, 0
296932, 1, 1, 0
296939, 1, 0, 0
296944, 1, 1, 0
296951, 1, 0, 0
296957, 1, 1, 0
296964, 1, 0, 0
296970, 0, 1, 0
296977, 0, 0, 0
296983, 0, 1, 0
296990, 0, 0, 0
296996, 0, 1, 0
297003, 0, 0, 0
297008, 0, 1, 0
297015, 0, 0, 0
297021, 0, 1, 0
297028, 0, 0, 0
297034, 1, 1, 0
297041, 1, 0, 0
297046, 0, 0, 0
297047, 0, 1, 0
297054, 0, 0, 0
297060, 0, 1, 0
297067, 0, 0, 0
297072, 0, 1, 0
297079, 0, 0, 0
297085, 0, 1, 0
297092, 0, 0, 0
297098, 0, 1, 0
297105, 0, 0, 0
297111, 0, 1, 0
297118, 0, 0, 0
297124, 0, 1, 0
297131, 0, 0, 0
297136, 0, 1, 0
297143, 0, 0, 0
297149, 0, 1, 0
297156, 0, 0, 0
297162, 0, 1, 0
297169, 0, 0, 0
297175, 0, 1, 0
297182, 0, 0, 0
297188, 0, 1, 0
297195, 0, 0, 0
297200, 0, 1, 0
297207, 0, 0, 0
297213, 0, 1, 0
297220, 0, 0, 0
297226, 0, 1, 0
297233, 0, 0, 0
297239, 0, 1, 0
297246, 0, 0, 0
297252, 0, 1, 0
297259, 0, 0, 0
297264, 0, 1, 0
297271, 0, 0, 0
297277, 0, 1, 0
297284, 0, 0, 0
297290, 0, 1, 0
297297, 0, 0, 0
297303, 0, 1, 0
297310, 0, 0, 0
297316, 0, 1, 0
297323, 0, 0, 0
297328, 0, 1, 0
297335, 0, 0, 0
297341, 0, 1, 0
297348, 0, 0, 0
297354, 0, 1, 0
297361, 0, 0, 0
297367, 0, 1, 0
297374, 0, 0, 0
297380, 0, 1, 0
297387, 0, 0, 0
297392, 0, 1, 0
297399, 0, 0, 0
297405, 0, 1, 0
297412, 0, 0, 0
297418, 0, 1, 0
297425, 0, 0, 0
297431, 0, 1, 0
297438, 0, 0, 0
297444, 0, 1, 0
297451, 0, 0, 0
297456, 0, 1, 0
297463, 0, 0, 0
297469, 0, 1, 0
297476, 0, 0, 0
297482, 0, 1, 0
297489, 0, 0, 0
297495, 0, 1, 0
297502, 0, 0, 0
297508, 0, 1, 0
297515, 0, 0, 0
297520, 0, 1, 0
297527, 0, 0, 0
297533, 0, 1, 0
297540, 0, 0, 0
297546, 0, 1, 0
297553, 0, 0, 0
297559, 0, 1, 0
297566, 0, 0, 0
297572, 0, 1, 0
297579, 0, 0, 0
297584, 0, 1, 0
297591, 0, 0, 0
297597, 0, 1, 0
297604, 0, 0, 0
297610, 0, 1, 0
297617, 0, 0, 0
297623, 0, 1, 0
297630, 0, 0, 0
297636, 0, 1, 0
297643, 0, 0, 0
297648, 0, 1, 0
297655, 0, 0, 0
297661, 0, 1, 0
297668, 0, 0, 0
297674, 0, 1, 0
297681, 0, 0, 0
297687, 0, 1, 0
297694, 0, 0, 0
297700, 0, 1, 0
297707, 0, 0, 0
297712, 0, 1, 0
297719, 0, 0, 0
297725, 0, 1, 0
297732, 0, 0, 0
297738, 0, 1, 0
297745, 0, 0, 0
297751, 0, 1, 0
297758, 0, 0, 0
297764, 0, 1, 0
297771, 0, 0, 0
297776, 0, 1, 0
297783, 0, 0, 0
297789, 0, 1, 0
297796, 0, 0, 0
297802, 0, 1, 0
297809, 0, 0, 0
297815, 0, 1, 0
297822, 0, 0, 0
297828, 0, 1, 0
297835, 0, 0, 0
297840, 0, 1, 0
297847, 0, 0, 0
297853, 0, 1, 0
297860, 0, 0, 0
297866, 0, 1, 0
297873, 0, 0, 0
297879, 0, 1, 0
297886, 0, 0, 0
297892, 0, 1, 0
297899, 0, 0, 0
297904, 0, 1, 0
297911, 0, 0, 0
297917, 0, 1, 0
297924, 0, 0, 0
297930, 0, 1, 0
297937, 0, 0, 0
297943, 0, 1, 0
297950, 0, 0, 0
297956, 0, 1, 0
297963, 0, 0, 0
297968, 0, 1, 0
297975, 0, 0, 0
297981, 0, 1, 0
297988, 0, 0, 0
297994, 0, 1, 0
298001, 0, 0, 0
298007, 0, 1, 0
298014, 0, 0, 0
298020, 0, 1, 0
298027, 0, 0, 0
298032, 0, 1, 0
298039, 0, 0, 0
298045, 0, 1, 0
298052, 0, 0, 0
298058, 0, 1, 0
298065, 0, 0, 0
298071, 0, 1, 0
298078, 0, 0, 0
298084, 0, 1, 0
298091, 0, 0, 0
298096, 0, 1, 0
298103, 0, 0, 0
298109, 0, 1, 0
298116, 0, 0, 0
298122, 0, 1, 0
298129, 0, 0, 0
298135, 0, 1, 0
298142, 0, 0, 0
298148, 0, 1, 0
298155, 0, 0, 0
298160, 0, 1, 0
298167, 0, 0, 0
298173, 0, 1, 0
298180, 0, 0, 0
298186, 0, 1, 0
298193, 0, 0, 0
298199, 0, 1, 0
298206, 0, 0, 0
298212, 0, 1, 0
298219, 0, 0, 0
298224, 0, 1, 0
298231, 0, 0, 0
298237, 0, 1, 0
298244, 0, 0, 0
298250, 0, 1, 0
298257, 0, 0, 0
298263, 0, 1, 0
298270, 0, 0, 0
298276, 0, 1, 0
298283, 0, 0, 0
298288, 0, 1, 0
298295, 0, 0, 0
298301, 0, 1, 0
298308, 0, 0, 0
298314, 0, 1, 0
298321, 0, 0, 0
298327, 0, 1, 0
298334, 0, 0, 0
298340, 0, 1, 0
298347, 0, 0, 0
298352, 0, 1, 0
298359, 0, 0, 0
298365, 0, 1, 0
298372, 0, 0, 0
298378, 0, 1, 0
298385, 0, 0, 0
298391, 0, 1, 0
298398, 0, 0, 0
298404, 0, 1, 0
298411, 0, 0, 0
298416, 0, 1, 0
298424, 0, 0, 0
298429, 0, 1, 0
298436, 0, 0, 0
298442, 0, 1, 0
298449, 0, 0, 0
298455, 0, 1, 0
298462, 0, 0, 0
298467, 0, 0, 1
298468, 0, 1, 1
298475, 0, 0, 1
298480, 1, 1, 0
298488, 1, 0, 0
298493, 1, 1, 0
298500, 1, 0, 0
298506, 1, 1, 0
298513, 1, 0, 0
298519, 1, 1, 0
298526, 1, 0, 0
298532, 1, 1, 0
298539, 1, 0, 0
298544, 1, 1, 0
298552, 1, 0, 0
298557, 0, 1, 0
298564, 0, 0, 0
298570, 1, 1, 0
298577, 1, 0, 0
298583, 1, 1, 0
298590, 1, 0, 0
298596, 1, 1, 0
298603, 1, 0, 0
298608, 0, 1, 0
298616, 0, 0, 0
298621, 0, 1, 0
298628, 0, 0, 0
298634, 0, 1, 0
298641, 0, 0, 0
298647, 0, 1, 0
298654, 0, 0, 0
298660, 0, 1, 0
298667, 0, 0, 0
298672, 1, 1, 0
298680, 1, 0, 0
298685, 0, 1, 0
298692, 0, 0, 0
298698, 0, 1, 0
298705, 0, 0, 0
298711, 0, 1, 0
298718, 0, 0, 0
298724, 0, 1, 0
298731, 0, 0, 0
298736, 0, 1, 0
298744, 0, 0, 0
298749, 0, 1, 0
298756, 0, 0, 0
298762, 0, 1, 0
298769, 0, 0, 0
298775, 0, 1, 0
298782, 0, 0, 0
298788, 0, 1, 0
298795, 0, 0, 0
298800, 0, 1, 0
298808, 0, 0, 0
298813, 0, 1, 0
298820, 0, 0, 0
298826, 0, 1, 0
298833, 0, 0, 0
298839, 0, 1, 0
298846, 0, 0, 0
298852, 0, 1, 0
298859, 0, 0, 0
298864, 0, 1, 0
298872, 0, 0, 0
298877, 0, 1, 0
298884, 0, 0, 0
298890, 0, 1, 0
298897, 0, 0, 0
298903, 0, 1, 0
298910, 0, 0, 0
298916, 0, 1, 0
298923, 0, 0, 0
298928, 0, 1, 0
298936, 0, 0, 0
298941, 0, 1, 0
298948, 0, 0, 0
298954, 0, 1, 0
298961, 0, 0, 0
298967, 0, 1, 0
298974, 0, 0, 0
298980, 0, 1, 0
298987, 0, 0, 0
298992, 0, 1, 0
299000, 0, 0, 0
299005, 0, 1, 0
299012, 0, 0, 0
299018, 0, 1, 0
299025, 0, 0, 0
299031, 0, 1, 0
299038, 0, 0, 0
299044, 0, 1, 0
299051, 0, 0, 0
299056, 0, 1, 0
299064, 0, 0, 0
299069, 0, 1, 0
299076, 0, 0, 0
299082, 0, 1, 0
299089, 0, 0, 0
299095, 0, 1, 0
299102, 0, 0, 0
299108, 0, 1, 0
299115, 0, 0, 0
299120, 0, 1, 0
299128, 0, 0, 0
299133, 0, 1, 0
299140, 0, 0, 0
299146, 0, 1, 0
299153, 0, 0, 0
299159, 0, 1, 0
299166, 0, 0, 0
299172, 0, 1, 0
299179, 0, 0, 0
299185, 0, 1, 0
299192, 0, 0, 0
299197, 0, 1, 0
299204, 0, 0, 0
299210, 0, 1, 0
299217, 0, 0, 0
299223, 0, 1, 0
299230, 0, 0, 0
299236, 0, 1, 0
299243, 0, 0, 0
299249, 0, 1, 0
299256, 0, 0, 0
299261, 0, 1, 0
299268, 0, 0, 0
299274, 0, 1, 0
299281, 0, 0, 0
299287, 0, 1, 0
299294, 0, 0, 0
299300, 0, 1, 0
299307, 0, 0, 0
299313, 0, 1, 0
299320, 0, 0, 0
299325, 0, 1, 0
299332, 0, 0, 0
299338, 0, 1, 0
299345, 0, 0, 0
299351, 0, 1, 0
299358, 0, 0, 0
299364, 0, 1, 0
299371, 0, 0, 0
299377, 0, 1, 0
299384, 0, 0, 0
299389, 0, 1, 0
299396, 0, 0, 0
299402, 0, 1, 0
299409, 0, 0, 0
299415, 0, 1, 0
299422, 0, 0, 0
299428, 0, 1, 0
299435, 0, 0, 0
299441, 0, 1, 0
299448, 0, 0, 0
299453, 0, 1, 0
299460, 0, 0, 0
299466, 0, 1, 0
299473, 0, 0, 0
299479, 0, 1, 0
299486, 0, 0, 0
299492, 0, 1, 0
299499, 0, 0, 0
299505, 0, 1, 0
299512, 0, 0, 0
299517, 0, 1, 0
299524, 0, 0, 0
299530, 0, 1, 0
299537, 0, 0, 0
299543, 0, 1, 0
299550, 0, 0, 0
299556, 0, 1, 0
299563, 0, 0, 0
299569, 0, 1, 0
299576, 0, 0, 0
299581, 0, 1, 0
299588, 0, 0, 0
299594, 0, 1, 0
299601, 0, 0, 0
299607, 0, 1, 0
299614, 0, 0, 0
299620, 0, 1, 0
299627, 0, 0, 0
299633, 0, 1, 0
299640, 0, 0, 0
299645, 0, 1, 0
299652, 0, 0, 0
299658, 0, 1, 0
299665, 0, 0, 0
299671, 0, 1, 0
299678, 0, 0, 0
299684, 0, 1, 0
299691, 0, 0, 0
299697, 0, 1, 0
299704, 0, 0, 0
299709, 0, 1, 0
299716, 0, 0, 0
299722, 0, 1, 0
299729, 0, 0, 0
299735, 0, 1, 0
299742, 0, 0, 0
299748, 0, 1, 0
299755, 0, 0, 0
299761, 0, 1, 0
299768, 0, 0, 0
299773, 0, 1, 0
299780, 0, 0, 0
299786, 0, 1, 0
299793, 0, 0, 0
299799, 0, 1, 0
299806, 0, 0, 0
299812, 0, 1, 0
299819, 0, 0, 0
299825, 0, 1, 0
299832, 0, 0, 0
299837, 0, 1, 0
299844, 0, 0, 0
299850, 0, 1, 0
299857, 0, 0, 0
299863, 0, 1, 0
299870, 0, 0, 0
299876, 0, 1, 0
299883, 0, 0, 0
299889, 0, 1, 0
299896, 0, 0, 0
299901, 0, 1, 0
299908, 0, 0, 0
299914, 0, 1, 0
299921, 0, 0, 0
299927, 0, 1, 0
299934, 0, 0, 0
299940, 0, 1, 0
299947, 0, 0, 0
299953, 0, 1, 0
299960, 0, 0, 0
299965, 0, 1, 0
299972, 0, 0, 0
299978, 0, 1, 0
299985, 0, 0, 0
299991, 0, 1, 0
299998, 0, 0, 0
300004, 0, 1, 0
300011, 0, 0, 0
300017, 0, 1, 0
300024, 0, 0, 0
300029, 0, 1, 0
300036, 0, 0, 0
300042, 0, 1, 0
300049, 0, 0, 0
300055, 0, 1, 0
300062, 0, 0, 0
300068, 0, 1, 0
300075, 0, 0, 0
300081, 0, 1, 0
300088, 0, 0, 0
300093, 0, 1, 0
300100, 0, 0, 0
300106, 0, 1, 1
300113, 0, 0, 1
300118, 1, 0, 1
300119, 1, 1, 0
300126, 1, 0, 0
300132, 1, 1, 0
300139, 1, 0, 0
300145, 1, 1, 0
300152, 1, 0, 0
300157, 1, 1, 0
300164, 1, 0, 0
300170, 1, 1, 0
300177, 1, 0, 0
300183, 1, 1, 0
300190, 1, 0, 0
300195, 0, 0, 0
300196, 0, 1, 0
300203, 0, 0, 0
300208, 1, 0, 0
300209, 1, 1, 0
300216, 1, 0, 0
300221, 1, 1, 0
300228, 1, 0, 0
300234, 1, 1, 0
300241, 1, 0, 0
300247, 0, 1, 0
300254, 0, 0, 0
300260, 0, 1, 0
300267, 0, 0, 0
300273, 0, 1, 0
300280, 0, 0, 0
300285, 0, 1, 0
300292, 0, 0, 0
300298, 0, 1, 0
300305, 0, 0, 0
300310, 1, 0, 0
300311, 1, 1, 0
300318, 1, 0, 0
300323, 0, 0, 0
300324, 0, 1, 0
300331, 0, 0, 0
300337, 0, 1, 0
300344, 0, 0, 0
300349, 0, 1, 0
300356, 0, 0, 0
300362, 0, 1, 0
300369, 0, 0, 0
300375, 0, 1, 0
300382, 0, 0, 0
300388, 0, 1, 0
300395, 0, 0, 0
300401, 0, 1, 0
300408, 0, 0, 0
300413, 0, 1, 0
300420, 0, 0, 0
300426, 0, 1, 0
300433, 0, 0, 0
300439, 0, 1, 0
300446, 0, 0, 0
300452, 0, 1, 0
300459, 0, 0, 0
300465, 0, 1, 0
300472, 0, 0, 0
300477, 0, 1, 0
300484, 0, 0, 0
300490, 0, 1, 0
300497, 0, 0, 0
300503, 0, 1, 0
300510, 0, 0, 0
300516, 0, 1, 0
300523, 0, 0, 0
300529, 0, 1, 0
300536, 0, 0, 0
300541, 0, 1, 0
300548, 0, 0, 0
300554, 0, 1, 0
300561, 0, 0, 0
300567, 0, 1, 0
300574, 0, 0, 0
300580, 0, 1, 0
300587, 0, 0, 0
300593, 0, 1, 0
300600, 0, 0, 0
300605, 0, 1, 0
300612, 0, 0, 0
300618, 0, 1, 0
300625, 0, 0, 0
300631, 0, 1, 0
300638, 0, 0, 0
300644, 0, 1, 0
300651, 0, 0, 0
300657, 0, 1, 0
300664, 0, 0, 0
300669, 0, 1, 0
300676, 0, 0, 0
300682, 0, 1, 0
300689, 0, 0, 0
300695, 0, 1, 0
300702, 0, 0, 0
300708, 0, 1, 0
300715, 0, 0, 0
300721, 0, 1, 0
300728, 0, 0, 0
300733, 0, 1, 0
300740, 0, 0, 0
300746, 0, 1, 0
300753, 0, 0, 0
300759, 0, 1, 0
300766, 0, 0, 0
300772, 0, 1, 0
300779, 0, 0, 0
300785, 0, 1, 0
300792, 0, 0, 0
300797, 0, 1, 0
300804, 0, 0, 0
300810, 0, 1, 0
300817, 0, 0, 0
300823, 0, 1, 0
300830, 0, 0, 0
300836, 0, 1, 0
300843, 0, 0, 0
300849, 0, 1, 0
300856, 0, 0, 0
300861, 0, 1, 0
300868, 0, 0, 0
300874, 0, 1, 0
300881, 0, 0, 0
300887, 0, 1, 0
300894, 0, 0, 0
300900, 0, 1, 0
300907, 0, 0, 0
300913, 0, 1, 0
300920, 0, 0, 0
300925, 0, 1, 0
300932, 0, 0, 0
300938, 0, 1, 0
300945, 0, 0, 0
300951, 0, 1, 0
300958, 0, 0, 0
300964, 0, 1, 0
300971, 0, 0, 0
300977, 0, 1, 0
300984, 0, 0, 0
300989, 0, 1, 0
300996, 0, 0, 0
301002, 0, 1, 0
301009, 0, 0, 0
301015, 0, 1, 0
301022, 0, 0, 0
301028, 0, 1, 0
301035, 0, 0, 0
301041, 0, 1, 0
301048, 0, 0, 0
301053, 0, 1, 0
301060, 0, 0, 0
301066, 0, 1, 0
301073, 0, 0, 0
301079, 0, 1, 0
301086, 0, 0, 0
301092, 0, 1, 0
301099, 0, 0, 0
301105, 0, 1, 0
301112, 0, 0, 0
301117, 0, 1, 0
301124, 0, 0, 0
301130, 0, 1, 0
301137, 0, 0, 0
301143, 0, 1, 0
301150, 0, 0, 0
301156, 0, 1, 0
301163, 0, 0, 0
301169, 0, 1, 0
301176, 0, 0, 0
301181, 0, 1, 0
301188, 0, 0, 0
301194, 0, 1, 0
301201, 0, 0, 0
301207, 0, 1, 0
301214, 0, 0, 0
301220, 0, 1, 0
301227, 0, 0, 0
301233, 0, 1, 0
301240, 0, 0, 0
301245, 0, 1, 0
301252, 0, 0, 0
301258, 0, 1, 0
301265, 0, 0, 0
301271, 0, 1, 0
301278, 0, 0, 0
301284, 0, 1, 0
301291, 0, 0, 0
301297, 0, 1, 0
301304, 0, 0, 0
301309, 0, 1, 0
301316, 0, 0, 0
301322, 0, 1, 0
301329, 0, 0, 0
301335, 0, 1, 0
301342, 0, 0, 0
301348, 0, 1, 0
301355, 0, 0, 0
301361, 0, 1, 0
301368, 0, 0, 0
301373, 0, 1, 0
301380, 0, 0, 0
301386, 0, 1, 0
301393, 0, 0, 0
301399, 0, 1, 0
301406, 0, 0, 0
301412, 0, 1, 0
301419, 0, 0, 0
301425, 0, 1, 0
301432, 0, 0, 0
301437, 0, 1, 0
301444, 0, 0, 0
301450, 0, 1, 0
301457, 0, 0, 0
301463, 0, 1, 0
301470, 0, 0, 0
301476, 0, 1, 0
301483, 0, 0, 0
301489, 0, 1, 0
301496, 0, 0, 0
301501, 0, 1, 0
301508, 0, 0, 0
301514, 0, 1, 0
301521, 0, 0, 0
301527, 0, 1, 0
301534, 0, 0, 0
301540, 0, 1, 0
301547, 0, 0, 0
301553, 0, 1, 0
301560, 0, 0, 0
301565, 0, 1, 0
301572, 0, 0, 0
301578, 0, 1, 0
301585, 0, 0, 0
301591, 0, 1, 0
301598, 0, 0, 0
301604, 0, 1, 0
301611, 0, 0, 0
301617, 0, 1, 0
301624, 0, 0, 0
301629, 0, 1, 0
301636, 0, 0, 0
301642, 0, 1, 0
301649, 0, 0, 0
301655, 0, 1, 0
301662, 0, 0, 0
301668, 0, 1, 0
301675, 0, 0, 0
301681, 0, 1, 0
301688, 0, 0, 0
301693, 0, 1, 0
301700, 0, 0, 0
301706, 0, 1, 0
301713, 0, 0, 0
301719, 0, 1, 0
301726, 0, 0, 0
301732, 0, 1, 0
301739, 0, 0, 0
301744, 0, 0, 1
301745, 0, 1, 1
301752, 0, 0, 1
301757, 1, 1, 0
301764, 1, 0, 0
301770, 1, 1, 0
301777, 1, 0, 0
301783, 1, 1, 0
301790, 1, 0, 0
301796, 1, 1, 0
301803, 1, 0, 0
301809, 1, 1, 0
301816, 1, 0, 0
301821, 1, 1, 0
301828, 1, 0, 0
301834, 0, 1, 0
301841, 0, 0, 0
301847, 1, 1, 0
301854, 1, 0, 0
301860, 1, 1, 0
301867, 1, 0, 0
301873, 1, 1, 0
301880, 1, 0, 0
301885, 0, 1, 0
301892, 0, 0, 0
301898, 0, 1, 0
301905, 0, 0, 0
301911, 0, 1, 0
301918, 0, 0, 0
301924, 0, 1, 0
301931, 0, 0, 0
301937, 0, 1, 0
301944, 0, 0, 0
301949, 1, 1, 0
301956, 1, 0, 0
301962, 0, 1, 0
301969, 0, 0, 0
301975, 0, 1, 0
301982, 0, 0, 0
301988, 0, 1, 0
301995, 0, 0, 0
302001, 0, 1, 0
302008, 0, 0, 0
302013, 0, 1, 0
302020, 0, 0, 0
302026, 0, 1, 0
302033, 0, 0, 0
302039, 0, 1, 0
302046, 0, 0, 0
302052, 0, 1, 0
302059, 0, 0, 0
302065, 0, 1, 0
302072, 0, 0, 0
302077, 0, 1, 0
302084, 0, 0, 0
302090, 0, 1, 0
302097, 0, 0, 0
302103, 0, 1, 0
302110, 0, 0, 0
302116, 0, 1, 0
302123, 0, 0, 0
302129, 0, 1, 0
302136, 0, 0, 0
302141, 0, 1, 0
302148, 0, 0, 0
302154, 0, 1, 0
302161, 0, 0, 0
302167, 0, 1, 0
302174, 0, 0, 0
302180, 0, 1, 0
302187, 0, 0, 0
302193, 0, 1, 0
302200, 0, 0, 0
302205, 0, 1, 0
302212, 0, 0, 0
302218, 0, 1, 0
302225, 0, 0, 0
302231, 0, 1, 0
302238, 0, 0, 0
302244, 0, 1, 0
302251, 0, 0, 0
302257, 0, 1, 0
302264, 0, 0, 0
302269, 0, 1, 0
302276, 0, 0, 0
302282, 0, 1, 0
302289, 0, 0, 0
302295, 0, 1, 0
302302, 0, 0, 0
302308, 0, 1, 0
302315, 0, 0, 0
302321, 0, 1, 0
302328, 0, 0, 0
302333, 0, 1, 0
302340, 0, 0, 0
302346, 0, 1, 0
302353, 0, 0, 0
302359, 0, 1, 0
302366, 0, 0, 0
302372, 0, 1, 0
302379, 0, 0, 0
302385, 0, 1, 0
302392, 0, 0, 0
302397, 0, 1, 0
302404, 0, 0, 0
302410, 0, 1, 0
302417, 0, 0, 0
302423, 0, 1, 0
302430, 0, 0, 0
302436, 0, 1, 0
302443, 0, 0, 0
302449, 0, 1, 0
302456, 0, 0, 0
302461, 0, 1, 0
302468, 0, 0, 0
302474, 0, 1, 0
302481, 0, 0, 0
302487, 0, 1, 0
302494, 0, 0, 0
302500, 0, 1, 0
302507, 0, 0, 0
302513, 0, 1, 0
302520, 0, 0, 0
302525, 0, 1, 0
302532, 0, 0, 0
302538, 0, 1, 0
302545, 0, 0, 0
302551, 0, 1, 0
302558, 0, 0, 0
302564, 0, 1, 0
302571, 0, 0, 0
302577, 0, 1, 0
302584, 0, 0, 0
302589, 0, 1, 0
302596, 0, 0, 0
302602, 0, 1, 0
302609, 0, 0, 0
302615, 0, 1, 0
302622, 0, 0, 0
302628, 0, 1, 0
302635, 0, 0, 0
302641, 0, 1, 0
302648, 0, 0, 0
302653, 0, 1, 0
302660, 0, 0, 0
302666, 0, 1, 0
302673, 0, 0, 0
302679, 0, 1, 0
302686, 0, 0, 0
302692, 0, 1, 0
302699, 0, 0, 0
302705, 0, 1, 0
302712, 0, 0, 0
302717, 0, 1, 0
302724, 0, 0, 0
302730, 0, 1, 0
302737, 0, 0, 0
302743, 0, 1, 0
302750, 0, 0, 0
302756, 0, 1, 0
302763, 0, 0, 0
302769, 0, 1, 0
302776, 0, 0, 0
302781, 0, 1, 0
302788, 0, 0, 0
302794, 0, 1, 0
302801, 0, 0, 0
302807, 0, 1, 0
302814, 0, 0, 0
302820, 0, 1, 0
302827, 0, 0, 0
302833, 0, 1, 0
302840, 0, 0, 0
302845, 0, 1, 0
302852, 0, 0, 0
302858, 0, 1, 0
302865, 0, 0, 0
302871, 0, 1, 0
302878, 0, 0, 0
302884, 0, 1, 0
302891, 0, 0, 0
302897, 0, 1, 0
302904, 0, 0, 0
302909, 0, 1, 0
302916, 0, 0, 0
302922, 0, 1, 0
302929, 0, 0, 0
302935, 0, 1, 0
302942, 0, 0, 0
302948, 0, 1, 0
302955, 0, 0, 0
302961, 0, 1, 0
302968, 0, 0, 0
302973, 0, 1, 0
302980, 0, 0, 0
302986, 0, 1, 0
302993, 0, 0, 0
302999, 0, 1, 0
303006, 0, 0, 0
303012, 0, 1, 0
303019, 0, 0, 0
303025, 0, 1, 0
303032, 0, 0, 0
303037, 0, 1, 0
303044, 0, 0, 0
303050, 0, 1, 0
303057, 0, 0, 0
303063, 0, 1, 0
303070, 0, 0, 0
303076, 0, 1, 0
303083, 0, 0, 0
303089, 0, 1, 0
303096, 0, 0, 0
303101, 0, 1, 0
303108, 0, 0, 0
303114, 0, 1, 0
303121, 0, 0, 0
303127, 0, 1, 0
303134, 0, 0, 0
303140, 0, 1, 0
303147, 0, 0, 0
303153, 0, 1, 0
303160, 0, 0, 0
303165, 0, 1, 0
303172, 0, 0, 0
303178, 0, 1, 0
303185, 0, 0, 0
303191, 0, 1, 0
303198, 0, 0, 0
303204, 0, 1, 0
303211, 0, 0, 0
303217, 0, 1, 0
303224, 0, 0, 0
303229, 0, 1, 0
303236, 0, 0, 0
303242, 0, 1, 0
303249, 0, 0, 0
303255, 0, 1, 0
303262, 0, 0, 0
303268, 0, 1, 0
303275, 0, 0, 0
303281, 0, 1, 0
303288, 0, 0, 0
303293, 0, 1, 0
303300, 0, 0, 0
303306, 0, 1, 0
303313, 0, 0, 0
303319, 0, 1, 0
303326, 0, 0, 0
303332, 0, 1, 0
303339, 0, 0, 0
303345, 0, 1, 0
303352, 0, 0, 0
303357, 0, 1, 0
303365, 0, 0, 0
303370, 0, 1, 0
303377, 0, 0, 0
303383, 0, 1, 1
303390, 0, 0, 1
303395, 1, 0, 1
303396, 1, 1, 0
303403, 1, 0, 0
303409, 1, 1, 0
303416, 1, 0, 0
303421, 1, 1, 0
303429, 1, 0, 0
303434, 1, 1, 0
303441, 1, 0, 0
303447, 1, 1, 0
303454, 1, 0, 0
303460, 1, 1, 0
303467, 1, 0, 0
303472, 0, 0, 0
303473, 0, 1, 0
303480, 0, 0, 0
303485, 1, 1, 0
303493, 1, 0, 0
303498, 1, 1, 0
303505, 1, 0, 0
303511, 1, 1, 0
303518, 1, 0, 0
303523, 0, 0, 0
303524, 0, 1, 0
303531, 0, 0, 0
303537, 0, 1, 0
303544, 0, 0, 0
303549, 0, 1, 0
303557, 0, 0, 0
303562, 0, 1, 0
303569, 0, 0, 0
303575, 0, 1, 0
303582, 0, 0, 0
303587, 1, 0, 0
303588, 1, 1, 0
303595, 1, 0, 0
303600, 0, 0, 0
303601, 0, 1, 0
303608, 0, 0, 0
303613, 0, 1, 0
303621, 0, 0, 0
303626, 0, 1, 0
303633, 0, 0, 0
303639, 0, 1, 0
303646, 0, 0, 0
303652, 0, 1, 0
303659, 0, 0, 0
303665, 0, 1, 0
303672, 0, 0, 0
303677, 0, 1, 0
303685, 0, 0, 0
303690, 0, 1, 0
303697, 0, 0, 0
303703, 0, 1, 0
303710, 0, 0, 0
303716, 0, 1, 0
303723, 0, 0, 0
303729, 0, 1, 0
303736, 0, 0, 0
303741, 0, 1, 0
303749, 0, 0, 0
303754, 0, 1, 0
303761, 0, 0, 0
303767, 0, 1, 0
303774, 0, 0, 0
303780, 0, 1, 0
303787, 0, 0, 0
303793, 0, 1, 0
303800, 0, 0, 0
303805, 0, 1, 0
303813, 0, 0, 0
303818, 0, 1, 0
303825, 0, 0, 0
303831, 0, 1, 0
303838, 0, 0, 0
303844, 0, 1, 0
303851, 0, 0, 0
303857, 0, 1, 0
303864, 0, 0, 0
303869, 0, 1, 0
303877, 0, 0, 0
303882, 0, 1, 0
303889, 0, 0, 0
303895, 0, 1, 0
303902, 0, 0, 0
303908, 0, 1, 0
303915, 0, 0, 0
303921, 0, 1, 0
303928, 0, 0, 0
303933, 0, 1, 0
303941, 0, 0, 0
303946, 0, 1, 0
303953, 0, 0, 0
303959, 0, 1, 0
303966, 0, 0, 0
303972, 0, 1, 0
303979, 0, 0, 0
303985, 0, 1, 0
303992, 0, 0, 0
303997, 0, 1, 0
304005, 0, 0, 0
304010, 0, 1, 0
304017, 0, 0, 0
304023, 0, 1, 0
304030, 0, 0, 0
304036, 0, 1, 0
304043, 0, 0, 0
304049, 0, 1, 0
304056, 0, 0, 0
304061, 0, 1, 0
304069, 0, 0, 0
304074, 0, 1, 0
304081, 0, 0, 0
304087, 0, 1, 0
304094, 0, 0, 0
304100, 0, 1, 0
304107, 0, 0, 0
304113, 0, 1, 0
304120, 0, 0, 0
304126, 0, 1, 0
304133, 0, 0, 0
304138, 0, 1, 0
304145, 0, 0, 0
304151, 0, 1, 0
304158, 0, 0, 0
304164, 0, 1, 0
304171, 0, 0, 0
304177, 0, 1, 0
304184, 0, 0, 0
304190, 0, 1, 0
304197, 0, 0, 0
304202, 0, 1, 0
304209, 0, 0, 0
304215, 0, 1, 0
304222, 0, 0, 0
304228, 0, 1, 0
304235, 0, 0, 0
304241, 0, 1, 0
304248, 0, 0, 0
304254, 0, 1, 0
304261, 0, 0, 0
304266, 0, 1, 0
304273, 0, 0, 0
304279, 0, 1, 0
304286, 0, 0, 0
304292, 0, 1, 0
304299, 0, 0, 0
304305, 0, 1, 0
304312, 0, 0, 0
304318, 0, 1, 0
304325, 0, 0, 0
304330, 0, 1, 0
304337, 0, 0, 0
304343, 0, 1, 0
304350, 0, 0, 0
304356, 0, 1, 0
304363, 0, 0, 0
304369, 0, 1, 0
304376, 0, 0, 0
304382, 0, 1, 0
304389, 0, 0, 0
304394, 0, 1, 0
304401, 0, 0, 0
304407, 0, 1, 0
304414, 0, 0, 0
304420, 0, 1, 0
304427, 0, 0, 0
304433, 0, 1, 0
304440, 0, 0, 0
304446, 0, 1, 0
304453, 0, 0, 0
304458, 0, 1, 0
304465, 0, 0, 0
304471, 0, 1, 0
304478, 0, 0, 0
304484, 0, 1, 0
304491, 0, 0, 0
304497, 0, 1, 0
304504, 0, 0, 0
304510, 0, 1, 0
304517, 0, 0, 0
304522, 0, 1, 0
304529, 0, 0, 0
304535, 0, 1, 0
304542, 0, 0, 0
304548, 0, 1, 0
304555, 0, 0, 0
304561, 0, 1, 0
304568, 0, 0, 0
304574, 0, 1, 0
304581, 0, 0, 0
304586, 0, 1, 0
304593, 0, 0, 0
304599, 0, 1, 0
304606, 0, 0, 0
304612, 0, 1, 0
304619, 0, 0, 0
304625, 0, 1, 0
304632, 0, 0, 0
304638, 0, 1, 0
304645, 0, 0, 0
304650, 0, 1, 0
304657, 0, 0, 0
304663, 0, 1, 0
304670, 0, 0, 0
304676, 0, 1, 0
304683, 0, 0, 0
304689, 0, 1, 0
304696, 0, 0, 0
304702, 0, 1, 0
304709, 0, 0, 0
304714, 0, 1, 0
304721, 0, 0, 0
304727, 0, 1, 0
304734, 0, 0, 0
304740, 0, 1, 0
304747, 0, 0, 0
304753, 0, 1, 0
304760, 0, 0, 0
304766, 0, 1, 0
304773, 0, 0, 0
304778, 0, 1, 0
304785, 0, 0, 0
304791, 0, 1, 0
304798, 0, 0, 0
304804, 0, 1, 0
304811, 0, 0, 0
304817, 0, 1, 0
304824, 0, 0, 0
304830, 0, 1, 0
304837, 0, 0, 0
304842, 0, 1, 0
304849, 0, 0, 0
304855, 0, 1, 0
304862, 0, 0, 0
304868, 0, 1, 0
304875, 0, 0, 0
304881, 0, 1, 0
304888, 0, 0, 0
304894, 0, 1, 0
304901, 0, 0, 0
304906, 0, 1, 0
304913, 0, 0, 0
304919, 0, 1, 0
304926, 0, 0, 0
304932, 0, 1, 0
304939, 0, 0, 0
304945, 0, 1, 0
304952, 0, 0, 0
304958, 0, 1, 0
304965, 0, 0, 0
304970, 0, 1, 0
304977, 0, 0, 0
304983, 0, 1, 0
304990, 0, 0, 0
304996, 0, 1, 0
305003, 0, 0, 0
305009, 0, 1, 0
305016, 0, 0, 0
305021, 0, 0, 1
305022, 0, 1, 1
305029, 0, 0, 1
305034, 1, 1, 0
305041, 1, 0, 0
305047, 1, 1, 0
305054, 1, 0, 0
305060, 1, 1, 0
305067, 1, 0, 0
305073, 1, 1, 0
305080, 1, 0, 0
305086, 1, 1, 0
305093, 1, 0, 0
305098, 1, 1, 0
305105, 1, 0, 0
305111, 0, 1, 0
305118, 0, 0, 0
305123, 1, 0, 0
305124, 1, 1, 0
305131, 1, 0, 0
305137, 1, 1, 0
305144, 1, 0, 0
305150, 1, 1, 0
305157, 1, 0, 0
305162, 0, 1, 0
305169, 0, 0, 0
305175, 0, 1, 0
305182, 0, 0, 0
305188, 0, 1, 0
305195, 0, 0, 0
305201, 0, 1, 0
305208, 0, 0, 0
305214, 0, 1, 0
305221, 0, 0, 0
305226, 1, 1, 0
305233, 1, 0, 0
305239, 0, 1, 0
305246, 0, 0, 0
305252, 0, 1, 0
305259, 0, 0, 0
305265, 0, 1, 0
305272, 0, 0, 0
305278, 0, 1, 0
305285, 0, 0, 0
305290, 0, 1, 0
305297, 0, 0, 0
305303, 0, 1, 0
305310, 0, 0, 0
305316, 0, 1, 0
305323, 0, 0, 0
305329, 0, 1, 0
305336, 0, 0, 0
305342, 0, 1, 0
305349, 0, 0, 0
305354, 0, 1, 0
305361, 0, 0, 0
305367, 0, 1, 0
305374, 0, 0, 0
305380, 0, 1, 0
305387, 0, 0, 0
305393, 0, 1, 0
305400, 0, 0, 0
305406, 0, 1, 0
305413, 0, 0, 0
305418, 0, 1, 0
305425, 0, 0, 0
305431, 0, 1, 0
305438, 0, 0, 0
305444, 0, 1, 0
305451, 0, 0, 0
305457, 0, 1, 0
305464, 0, 0, 0
305470, 0, 1, 0
305477, 0, 0, 0
305482, 0, 1, 0
305489, 0, 0, 0
305495, 0, 1, 0
305502, 0, 0, 0
305508, 0, 1, 0
305515, 0, 0, 0
305521, 0, 1, 0
305528, 0, 0, 0
305534, 0, 1, 0
305541, 0, 0, 0
305546, 0, 1, 0
305553, 0, 0, 0
305559, 0, 1, 0
305566, 0, 0, 0
305572, 0, 1, 0
305579, 0, 0, 0
305585, 0, 1, 0
305592, 0, 0, 0
305598, 0, 1, 0
305605, 0, 0, 0
305610, 0, 1, 0
305617, 0, 0, 0
305623, 0, 1, 0
305630, 0, 0, 0
305636, 0, 1, 0
305643, 0, 0, 0
305649, 0, 1, 0
305656, 0, 0, 0
305662, 0, 1, 0
305669, 0, 0, 0
305674, 0, 1, 0
305681, 0, 0, 0
305687, 0, 1, 0
305694, 0, 0, 0
305700, 0, 1, 0
305707, 0, 0, 0
305713, 0, 1, 0
305720, 0, 0, 0
305726, 0, 1, 0
305733, 0, 0, 0
305738, 0, 1, 0
305745, 0, 0, 0
305751, 0, 1, 0
305758, 0, 0, 0
305764, 0, 1, 0
305771, 0, 0, 0
305777, 0, 1, 0
305784, 0, 0, 0
305790, 0, 1, 0
305797, 0, 0, 0
305802, 0, 1, 0
305809, 0, 0, 0
305815, 0, 1, 0
305822, 0, 0, 0
305828, 0, 1, 0
305835, 0, 0, 0
305841, 0, 1, 0
305848, 0, 0, 0
305854, 0, 1, 0
305861, 0, 0, 0
305866, 0, 1, 0
305873, 0, 0, 0
305879, 0, 1, 0
305886, 0, 0, 0
305892, 0, 1, 0
305899, 0, 0, 0
305905, 0, 1, 0
305912, 0, 0, 0
305918, 0, 1, 0
305925, 0, 0, 0
305930, 0, 1, 0
305937, 0, 0, 0
305943, 0, 1, 0
305950, 0, 0, 0
305956, 0, 1, 0
305963, 0, 0, 0
305969, 0, 1, 0
305976, 0, 0, 0
305982, 0, 1, 0
305989, 0, 0, 0
305994, 0, 1, 0
306001, 0, 0, 0
306007, 0, 1, 0
306014, 0, 0, 0
306020, 0, 1, 0
306027, 0, 0, 0
306033, 0, 1, 0
306040, 0, 0, 0
306046, 0, 1, 0
306053, 0, 0, 0
306058, 0, 1, 0
306065, 0, 0, 0
306071, 0, 1, 0
306078, 0, 0, 0
306084, 0, 1, 0
306091, 0, 0, 0
306097, 0, 1, 0
306104, 0, 0, 0
306110, 0, 1, 0
306117, 0, 0, 0
306122, 0, 1, 0
306129, 0, 0, 0
306135, 0, 1, 0
306142, 0, 0, 0
306148, 0, 1, 0
306155, 0, 0, 0
306161, 0, 1, 0
306168, 0, 0, 0
306174, 0, 1, 0
306181, 0, 0, 0
306186, 0, 1, 0
306193, 0, 0, 0
306199, 0, 1, 0
306206, 0, 0, 0
306212, 0, 1, 0
306219, 0, 0, 0
306225, 0, 1, 0
306232, 0, 0, 0
306238, 0, 1, 0
306245, 0, 0, 0
306250, 0, 1, 0
306257, 0, 0, 0
306263, 0, 1, 0
306270, 0, 0, 0
306276, 0, 1, 0
306283, 0, 0, 0
306289, 0, 1, 0
306296, 0, 0, 0
306302, 0, 1, 0
306309, 0, 0, 0
306314, 0, 1, 0
306321, 0, 0, 0
306327, 0, 1, 0
306334, 0, 0, 0
306340, 0, 1, 0
306347, 0, 0, 0
306353, 0, 1, 0
306360, 0, 0, 0
306366, 0, 1, 0
306373, 0, 0, 0
306378, 0, 1, 0
306385, 0, 0, 0
306391, 0, 1, 0
306398, 0, 0, 0
306404, 0, 1, 0
306411, 0, 0, 0
306417, 0, 1, 0
306424, 0, 0, 0
306430, 0, 1, 0
306437, 0, 0, 0
306442, 0, 1, 0
306449, 0, 0, 0
306455, 0, 1, 0
306462, 0, 0, 0
306468, 0, 1, 0
306475, 0, 0, 0
306481, 0, 1, 0
306488, 0, 0, 0
306494, 0, 1, 0
306501, 0, 0, 0
306506, 0, 1, 0
306513, 0, 0, 0
306519, 0, 1, 0
306526, 0, 0, 0
306532, 0, 1, 0
306539, 0, 0, 0
306545, 0, 1, 0
306552, 0, 0, 0
306558, 0, 1, 0
306565, 0, 0, 0
306570, 0, 1, 0
306577, 0, 0, 0
306583, 0, 1, 0
306590, 0, 0, 0
306596, 0, 1, 0
306603, 0, 0, 0
306609, 0, 1, 0
306616, 0, 0, 0
306622, 0, 1, 0
306629, 0, 0, 0
306634, 0, 1, 0
306641, 0, 0, 0
306647, 0, 1, 0
306654, 0, 0, 0
306660, 0, 1, 1
306667, 0, 0, 1
306672, 1, 0, 1
306673, 1, 1, 0
306680, 1, 0, 0
306686, 1, 1, 0
306693, 1, 0, 0
306698, 1, 1, 0
306705, 1, 0, 0
306711, 1, 1, 0
306718, 1, 0, 0
306724, 1, 1, 0
306731, 1, 0, 0
306737, 1, 1, 0
306744, 1, 0, 0
306749, 0, 0, 0
306750, 0, 1, 0
306757, 0, 0, 0
306762, 1, 1, 0
306769, 1, 0, 0
306775, 1, 1, 0
306782, 1, 0, 0
306788, 1, 1, 0
306795, 1, 0, 0
306800, 0, 0, 0
306801, 0, 1, 0
306808, 0, 0, 0
306814, 0, 1, 0
306821, 0, 0, 0
306826, 0, 1, 0
306833, 0, 0, 0
306839, 0, 1, 0
306846, 0, 0, 0
306852, 0, 1, 0
306859, 0, 0, 0
306864, 1, 0, 0
306865, 1, 1, 0
306872, 1, 0, 0
306877, 0, 0, 0
306878, 0, 1, 0
306885, 0, 0, 0
306890, 0, 1, 0
306897, 0, 0, 0
306903, 0, 1, 0
306910, 0, 0, 0
306916, 0, 1, 0
306923, 0, 0, 0
306929, 0, 1, 0
306936, 0, 0, 0
306942, 0, 1, 0
306949, 0, 0, 0
306954, 0, 1, 0
306961, 0, 0, 0
306967, 0, 1, 0
306974, 0, 0, 0
306980, 0, 1, 0
306987, 0, 0, 0
306993, 0, 1, 0
307000, 0, 0, 0
307006, 0, 1, 0
307013, 0, 0, 0
307018, 0, 1, 0
307025, 0, 0, 0
307031, 0, 1, 0
307038, 0, 0, 0
307044, 0, 1, 0
307051, 0, 0, 0
307057, 0, 1, 0
307064, 0, 0, 0
307070, 0, 1, 0
307077, 0, 0, 0
307082, 0, 1, 0
307089, 0, 0, 0
307095, 0, 1, 0
307102, 0, 0, 0
307108, 0, 1, 0
307115, 0, 0, 0
307121, 0, 1, 0
307128, 0, 0, 0
307134, 0, 1, 0
307141, 0, 0, 0
307146, 0, 1, 0
307153, 0, 0, 0
307159, 0, 1, 0
307166, 0, 0, 0
307172, 0, 1, 0
307179, 0, 0, 0
307185, 0, 1, 0
307192, 0, 0, 0
307198, 0, 1, 0
307205, 0, 0, 0
307210, 0, 1, 0
307217, 0, 0, 0
307223, 0, 1, 0
307230, 0, 0, 0
307236, 0, 1, 0
307243, 0, 0, 0
307249, 0, 1, 0
307256, 0, 0, 0
307262, 0, 1, 0
307269, 0, 0, 0
307274, 0, 1, 0
307281, 0, 0, 0
307287, 0, 1, 0
307294, 0, 0, 0
307300, 0, 1, 0
307307, 0, 0, 0
307313, 0, 1, 0
307320, 0, 0, 0
307326, 0, 1, 0
307333, 0, 0, 0
307338, 0, 1, 0
307345, 0, 0, 0
307351, 0, 1, 0
307358, 0, 0, 0
307364, 0, 1, 0
307371, 0, 0, 0
307377, 0, 1, 0
307384, 0, 0, 0
307390, 0, 1, 0
307397, 0, 0, 0
307402, 0, 1, 0
307409, 0, 0, 0
307415, 0, 1, 0
307422, 0, 0, 0
307428, 0, 1, 0
307435, 0, 0, 0
307441, 0, 1, 0
307448, 0, 0, 0
307454, 0, 1, 0
307461, 0, 0, 0
307466, 0, 1, 0
307473, 0, 0, 0
307479, 0, 1, 0
307486, 0, 0, 0
307492, 0, 1, 0
307499, 0, 0, 0
307505, 0, 1, 0
307512, 0, 0, 0
307518, 0, 1, 0
307525, 0, 0, 0
307530, 0, 1, 0
307537, 0, 0, 0
307543, 0, 1, 0
307550, 0, 0, 0
307556, 0, 1, 0
307563, 0, 0, 0
307569, 0, 1, 0
307576, 0, 0, 0
307582, 0, 1, 0
307589, 0, 0, 0
307594, 0, 1, 0
307601, 0, 0, 0
307607, 0, 1, 0
307614, 0, 0, 0
307620, 0, 1, 0
307627, 0, 0, 0
307633, 0, 1, 0
307640, 0, 0, 0
307646, 0, 1, 0
307653, 0, 0, 0
307658, 0, 1, 0
307665, 0, 0, 0
307671, 0, 1, 0
307678, 0, 0, 0
307684, 0, 1, 0
307691, 0, 0, 0
307697, 0, 1, 0
307704, 0, 0, 0
307710, 0, 1, 0
307717, 0, 0, 0
307722, 0, 1, 0
307729, 0, 0, 0
307735, 0, 1, 0
307742, 0, 0, 0
307748, 0, 1, 0
307755, 0, 0, 0
307761, 0, 1, 0
307768, 0, 0, 0
307774, 0, 1, 0
307781, 0, 0, 0
307786, 0, 1, 0
307793, 0, 0, 0
307799, 0, 1, 0
307806, 0, 0, 0
307812, 0, 1, 0
307819, 0, 0, 0
307825, 0, 1, 0
307832, 0, 0, 0
307838, 0, 1, 0
307845, 0, 0, 0
307850, 0, 1, 0
307857, 0, 0, 0
307863, 0, 1, 0
307870, 0, 0, 0
307876, 0, 1, 0
307883, 0, 0, 0
307889, 0, 1, 0
307896, 0, 0, 0
307902, 0, 1, 0
307909, 0, 0, 0
307914, 0, 1, 0
307921, 0, 0, 0
307927, 0, 1, 0
307934, 0, 0, 0
307940, 0, 1, 0
307947, 0, 0, 0
307953, 0, 1, 0
307960, 0, 0, 0
307966, 0, 1, 0
307973, 0, 0, 0
307978, 0, 1, 0
307985, 0, 0, 0
307991, 0, 1, 0
307998, 0, 0, 0
308004, 0, 1, 0
308011, 0, 0, 0
308017, 0, 1, 0
308024, 0, 0, 0
308030, 0, 1, 0
308037, 0, 0, 0
308042, 0, 1, 0
308049, 0, 0, 0
308055, 0, 1, 0
308062, 0, 0, 0
308068, 0, 1, 0
308075, 0, 0, 0
308081, 0, 1, 0
308088, 0, 0, 0
308094, 0, 1, 0
308101, 0, 0, 0
308106, 0, 1, 0
308113, 0, 0, 0
308119, 0, 1, 0
308126, 0, 0, 0
308132, 0, 1, 0
308139, 0, 0, 0
308145, 0, 1, 0
308152, 0, 0, 0
308158, 0, 1, 0
308165, 0, 0, 0
308170, 0, 1, 0
308177, 0, 0, 0
308183, 0, 1, 0
308190, 0, 0, 0
308196, 0, 1, 0
308203, 0, 0, 0
308209, 0, 1, 0
308216, 0, 0, 0
308222, 0, 1, 0
308229, 0, 0, 0
308234, 0, 1, 0
308241, 0, 0, 0
308247, 0, 1, 0
308254, 0, 0, 0
308260, 0, 1, 0
308267, 0, 0, 0
308273, 0, 1, 0
308280, 0, 0, 0
308286, 0, 1, 0
308293, 0, 0, 0
308298, 0, 1, 1
308305, 0, 0, 1
308311, 1, 1, 0
308318, 1, 0, 0
308324, 1, 1, 0
308331, 1, 0, 0
308337, 1, 1, 0
308344, 1, 0, 0
308350, 1, 1, 0
308357, 1, 0, 0
308362, 1, 1, 0
308370, 1, 0, 0
308375, 1, 1, 0
308382, 1, 0, 0
308388, 0, 1, 0
308395, 0, 0, 0
308400, 1, 0, 0
308401, 1, 1, 0
308408, 1, 0, 0
308414, 1, 1, 0
308421, 1, 0, 0
308426, 1, 1, 0
308434, 1, 0, 0
308439, 0, 1, 0
308446, 0, 0, 0
308452, 0, 1, 0
308459, 0, 0, 0
308465, 0, 1, 0
308472, 0, 0, 0
308478, 0, 1, 0
308485, 0, 0, 0
308490, 0, 1, 0
308498, 0, 0, 0
308503, 1, 1, 0
308510, 1, 0, 0
308516, 0, 1, 0
308523, 0, 0, 0
308529, 0, 1, 0
308536, 0, 0, 0
308542, 0, 1, 0
308549, 0, 0, 0
308554, 0, 1, 0
308562, 0, 0, 0
308567, 0, 1, 0
308574, 0, 0, 0
308580, 0, 1, 0
308587, 0, 0, 0
308593, 0, 1, 0
308600, 0, 0, 0
308606, 0, 1, 0
308613, 0, 0, 0
308618, 0, 1, 0
308626, 0, 0, 0
308631, 0, 1, 0
308638, 0, 0, 0
308644, 0, 1, 0
308651, 0, 0, 0
308657, 0, 1, 0
308664, 0, 0, 0
308670, 0, 1, 0
308677, 0, 0, 0
308682, 0, 1, 0
308690, 0, 0, 0
308695, 0, 1, 0
308702, 0, 0, 0
308708, 0, 1, 0
308715, 0, 0, 0
308721, 0, 1, 0
308728, 0, 0, 0
308734, 0, 1, 0
308741, 0, 0, 0
308746, 0, 1, 0
308754, 0, 0, 0
308759, 0, 1, 0
308766, 0, 0, 0
308772, 0, 1, 0
308779, 0, 0, 0
308785, 0, 1, 0
308792, 0, 0, 0
308798, 0, 1, 0
308805, 0, 0, 0
308810, 0, 1, 0
308818, 0, 0, 0
308823, 0, 1, 0
308830, 0, 0, 0
308836, 0, 1, 0
308843, 0, 0, 0
308849, 0, 1, 0
308856, 0, 0, 0
308862, 0, 1, 0
308869, 0, 0, 0
308874, 0, 1, 0
308882, 0, 0, 0
308887, 0, 1, 0
308894, 0, 0, 0
308900, 0, 1, 0
308907, 0, 0, 0
308913, 0, 1, 0
308920, 0, 0, 0
308926, 0, 1, 0
308933, 0, 0, 0
308938, 0, 1, 0
308946, 0, 0, 0
308951, 0, 1, 0
308958, 0, 0, 0
308964, 0, 1, 0
308971, 0, 0, 0
308977, 0, 1, 0
308984, 0, 0, 0
308990, 0, 1, 0
308997, 0, 0, 0
309003, 0, 1, 0
309010, 0, 0, 0
309015, 0, 1, 0
309022, 0, 0, 0
309028, 0, 1, 0
309035, 0, 0, 0
309041, 0, 1, 0
309048, 0, 0, 0
309054, 0, 1, 0
309061, 0, 0, 0
309067, 0, 1, 0
309074, 0, 0, 0
309079, 0, 1, 0
309086, 0, 0, 0
309092, 0, 1, 0
309099, 0, 0, 0
309105, 0, 1, 0
309112, 0, 0, 0
309118, 0, 1, 0
309125, 0, 0, 0
309131, 0, 1, 0
309138, 0, 0, 0
309143, 0, 1, 0
309150, 0, 0, 0
309156, 0, 1, 0
309163, 0, 0, 0
309169, 0, 1, 0
309176, 0, 0, 0
309182, 0, 1, 0
309189, 0, 0, 0
309195, 0, 1, 0
309202, 0, 0, 0
309207, 0, 1, 0
309214, 0, 0, 0
309220, 0, 1, 0
309227, 0, 0, 0
309233, 0, 1, 0
309240, 0, 0, 0
309246, 0, 1, 0
309253, 0, 0, 0
309259, 0, 1, 0
309266, 0, 0, 0
309271, 0, 1, 0
309278, 0, 0, 0
309284, 0, 1, 0
309291, 0, 0, 0
309297, 0, 1, 0
309304, 0, 0, 0
309310, 0, 1, 0
309317, 0, 0, 0
309323, 0, 1, 0
309330, 0, 0, 0
309335, 0, 1, 0
309342, 0, 0, 0
309348, 0, 1, 0
309355, 0, 0, 0
309361, 0, 1, 0
309368, 0, 0, 0
309374, 0, 1, 0
309381, 0, 0, 0
309387, 0, 1, 0
309394, 0, 0, 0
309399, 0, 1, 0
309406, 0, 0, 0
309412, 0, 1, 0
309419, 0, 0, 0
309425, 0, 1, 0
309432, 0, 0, 0
309438, 0, 1, 0
309445, 0, 0, 0
309451, 0, 1, 0
309458, 0, 0, 0
309463, 0, 1, 0
309470, 0, 0, 0
309476, 0, 1, 0
309483, 0, 0, 0
309489, 0, 1, 0
309496, 0, 0, 0
309502, 0, 1, 0
309509, 0, 0, 0
309515, 0, 1, 0
309522, 0, 0, 0
309527, 0, 1, 0
309534, 0, 0, 0
309540, 0, 1, 0
309547, 0, 0, 0
309553, 0, 1, 0
309560, 0, 0, 0
309566, 0, 1, 0
309573, 0, 0, 0
309579, 0, 1, 0
309586, 0, 0, 0
309591, 0, 1, 0
309598, 0, 0, 0
309604, 0, 1, 0
309611, 0, 0, 0
309617, 0, 1, 0
309624, 0, 0, 0
309630, 0, 1, 0
309637, 0, 0, 0
309643, 0, 1, 0
309650, 0, 0, 0
309655, 0, 1, 0
309662, 0, 0, 0
309668, 0, 1, 0
309675, 0, 0, 0
309681, 0, 1, 0
309688, 0, 0, 0
309694, 0, 1, 0
309701, 0, 0, 0
309707, 0, 1, 0
309714, 0, 0, 0
309719, 0, 1, 0
309726, 0, 0, 0
309732, 0, 1, 0
309739, 0, 0, 0
309745, 0, 1, 0
309752, 0, 0, 0
309758, 0, 1, 0
309765, 0, 0, 0
309771, 0, 1, 0
309778, 0, 0, 0
309783, 0, 1, 0
309790, 0, 0, 0
309796, 0, 1, 0
309803, 0, 0, 0
309809, 0, 1, 0
309816, 0, 0, 0
309822, 0, 1, 0
309829, 0, 0, 0
309835, 0, 1, 0
309842, 0, 0, 0
309847, 0, 1, 0
309854, 0, 0, 0
309860, 0, 1, 0
309867, 0, 0, 0
309873, 0, 1, 0
309880, 0, 0, 0
309886, 0, 1, 0
309893, 0, 0, 0
309899, 0, 1, 0
309906, 0, 0, 0
309911, 0, 1, 0
309918, 0, 0, 0
309924, 0, 1, 0
309931, 0, 0, 0
309937, 0, 1, 1
309944, 0, 0, 1
309949, 1, 0, 1
309950, 1, 1, 0
309957, 1, 0, 0
309963, 1, 1, 0
309970, 1, 0, 0
309975, 1, 1, 0
309982, 1, 0, 0
309988, 1, 1, 0
309995, 1, 0, 0
310001, 1, 1, 0
310008, 1, 0, 0
310014, 1, 1, 0
310021, 1, 0, 0
310026, 0, 0, 0
310027, 0, 1, 0
310034, 0, 0, 0
310039, 1, 1, 0
310046, 1, 0, 0
310052, 1, 1, 0
310059, 1, 0, 0
310065, 1, 1, 0
310072, 1, 0, 0
310077, 0, 0, 0
310078, 0, 1, 0
310085, 0, 0, 0
310091, 0, 1, 0
310098, 0, 0, 0
310103, 0, 1, 0
310110, 0, 0, 0
310116, 0, 1, 0
310123, 0, 0, 0
310129, 0, 1, 0
310136, 0, 0, 0
310141, 1, 0, 0
310142, 1, 1, 0
310149, 1, 0, 0
310154, 0, 0, 0
310155, 0, 1, 0
310162, 0, 0, 0
310167, 0, 1, 0
310174, 0, 0, 0
310180, 0, 1, 0
310187, 0, 0, 0
310193, 0, 1, 0
310200, 0, 0, 0
310206, 0, 1, 0
310213, 0, 0, 0
310219, 0, 1, 0
310226, 0, 0, 0
310231, 0, 1, 0
310238, 0, 0, 0
310244, 0, 1, 0
310251, 0, 0, 0
310257, 0, 1, 0
310264, 0, 0, 0
310270, 0, 1, 0
310277, 0, 0, 0
310283, 0, 1, 0
310290, 0, 0, 0
310295, 0, 1, 0
310302, 0, 0, 0
310308, 0, 1, 0
310315, 0, 0, 0
310321, 0, 1, 0
310328, 0, 0, 0
310334, 0, 1, 0
310341, 0, 0, 0
310347, 0, 1, 0
310354, 0, 0, 0
310359, 0, 1, 0
310366, 0, 0, 0
310372, 0, 1, 0
310379, 0, 0, 0
310385, 0, 1, 0
310392, 0, 0, 0
310398, 0, 1, 0
310405, 0, 0, 0
310411, 0, 1, 0
310418, 0, 0, 0
310423, 0, 1, 0
310430, 0, 0, 0
310436, 0, 1, 0
310443, 0, 0, 0
310449, 0, 1, 0
310456, 0, 0, 0
310462, 0, 1, 0
310469, 0, 0, 0
310475, 0, 1, 0
310482, 0, 0, 0
310487, 0, 1, 0
310494, 0, 0, 0
310500, 0, 1, 0
310507, 0, 0, 0
310513, 0, 1, 0
310520, 0, 0, 0
310526, 0, 1, 0
310533, 0, 0, 0
310539, 0, 1, 0
310546, 0, 0, 0
310551, 0, 1, 0
310558, 0, 0, 0
310564, 0, 1, 0
310571, 0, 0, 0
310577, 0, 1, 0
310584, 0, 0, 0
310590, 0, 1, 0
310597, 0, 0, 0
310603, 0, 1, 0
310610, 0, 0, 0
310615, 0, 1, 0
310622, 0, 0, 0
310628, 0, 1, 0
310635, 0, 0, 0
310641, 0, 1, 0
310648, 0, 0, 0
310654, 0, 1, 0
310661, 0, 0, 0
310667, 0, 1, 0
310674, 0, 0, 0
310679, 0, 1, 0
310686, 0, 0, 0
310692, 0, 1, 0
310699, 0, 0, 0
310705, 0, 1, 0
310712, 0, 0, 0
310718, 0, 1, 0
310725, 0, 0, 0
310731, 0, 1, 0
310738, 0, 0, 0
310743, 0, 1, 0
310750, 0, 0, 0
310756, 0, 1, 0
310763, 0, 0, 0
310769, 0, 1, 0
310776, 0, 0, 0
310782, 0, 1, 0
310789, 0, 0, 0
310795, 0, 1, 0
310802, 0, 0, 0
310807, 0, 1, 0
310814, 0, 0, 0
310820, 0, 1, 0
310827, 0, 0, 0
310833, 0, 1, 0
310840, 0, 0, 0
310846, 0, 1, 0
310853, 0, 0, 0
310859, 0, 1, 0
310866, 0, 0, 0
310871, 0, 1, 0
310878, 0, 0, 0
310884, 0, 1, 0
310891, 0, 0, 0
310897, 0, 1, 0
310904, 0, 0, 0
310910, 0, 1, 0
310917, 0, 0, 0
310923, 0, 1, 0
310930, 0, 0, 0
310935, 0, 1, 0
310942, 0, 0, 0
310948, 0, 1, 0
310955, 0, 0, 0
310961, 0, 1, 0
310968, 0, 0, 0
310974, 0, 1, 0
310981, 0, 0, 0
310987, 0, 1, 0
310994, 0, 0, 0
310999, 0, 1, 0
311006, 0, 0, 0
311012, 0, 1, 0
311019, 0, 0, 0
311025, 0, 1, 0
311032, 0, 0, 0
311038, 0, 1, 0
311045, 0, 0, 0
311051, 0, 1, 0
311058, 0, 0, 0
311063, 0, 1, 0
311070, 0, 0, 0
311076, 0, 1, 0
311083, 0, 0, 0
311089, 0, 1, 0
311096, 0, 0, 0
311102, 0, 1, 0
311109, 0, 0, 0
311115, 0, 1, 0
311122, 0, 0, 0
311127, 0, 1, 0
311134, 0, 0, 0
311140, 0, 1, 0
311147, 0, 0, 0
311153, 0, 1, 0
311160, 0, 0, 0
311166, 0, 1, 0
311173, 0, 0, 0
311179, 0, 1, 0
311186, 0, 0, 0
311191, 0, 1, 0
311198, 0, 0, 0
311204, 0, 1, 0
311211, 0, 0, 0
311217, 0, 1, 0
311224, 0, 0, 0
311230, 0, 1, 0
311237, 0, 0, 0
311243, 0, 1, 0
311250, 0, 0, 0
311255, 0, 1, 0
311262, 0, 0, 0
311268, 0, 1, 0
311275, 0, 0, 0
311281, 0, 1, 0
311288, 0, 0, 0
311294, 0, 1, 0
311301, 0, 0, 0
311307, 0, 1, 0
311314, 0, 0, 0
311319, 0, 1, 0
311326, 0, 0, 0
311332, 0, 1, 0
311339, 0, 0, 0
311345, 0, 1, 0
311352, 0, 0, 0
311358, 0, 1, 0
311365, 0, 0, 0
311371, 0, 1, 0
311378, 0, 0, 0
311383, 0, 1, 0
311390, 0, 0, 0
311396, 0, 1, 0
311403, 0, 0, 0
311409, 0, 1, 0
311416, 0, 0, 0
311422, 0, 1, 0
311429, 0, 0, 0
311435, 0, 1, 0
311442, 0, 0, 0
311447, 0, 1, 0
311454, 0, 0, 0
311460, 0, 1, 0
311467, 0, 0, 0
311473, 0, 1, 0
311480, 0, 0, 0
311486, 0, 1, 0
311493, 0, 0, 0
311499, 0, 1, 0
311506, 0, 0, 0
311511, 0, 1, 0
311518, 0, 0, 0
311524, 0, 1, 0
311531, 0, 0, 0
311537, 0, 1, 0
311544, 0, 0, 0
311550, 0, 1, 0
311557, 0, 0, 0
311563, 0, 1, 0
311570, 0, 0, 0
311575, 0, 1, 1
311582, 0, 0, 1
311588, 1, 1, 0
311595, 1, 0, 0
311601, 1, 1, 0
311608, 1, 0, 0
311614, 1, 1, 0
311621, 1, 0, 0
311627, 1, 1, 0
311634, 1, 0, 0
311639, 1, 1, 0
311646, 1, 0, 0
311652, 1, 1, 0
311659, 1, 0, 0
311665, 0, 1, 0
311672, 0, 0, 0
311677, 1, 0, 0
311678, 1, 1, 0
311685, 1, 0, 0
311691, 1, 1, 0
311698, 1, 0, 0
311703, 1, 1, 0
311710, 1, 0, 0
311716, 0, 1, 0
311723, 0, 0, 0
311729, 0, 1, 0
311736, 0, 0, 0
311742, 0, 1, 0
311749, 0, 0, 0
311755, 0, 1, 0
311762, 0, 0, 0
311767, 0, 1, 0
311774, 0, 0, 0
311780, 1, 1, 0
311787, 1, 0, 0
311793, 0, 1, 0
311800, 0, 0, 0
311806, 0, 1, 0
311813, 0, 0, 0
311819, 0, 1, 0
311826, 0, 0, 0
311831, 0, 1, 0
311838, 0, 0, 0
311844, 0, 1, 0
311851, 0, 0, 0
311857, 0, 1, 0
311864, 0, 0, 0
311870, 0, 1, 0
311877, 0, 0, 0
311883, 0, 1, 0
311890, 0, 0, 0
311895, 0, 1, 0
311902, 0, 0, 0
311908, 0, 1, 0
311915, 0, 0, 0
311921, 0, 1, 0
311928, 0, 0, 0
311934, 0, 1, 0
311941, 0, 0, 0
311947, 0, 1, 0
311954, 0, 0, 0
311959, 0, 1, 0
311966, 0, 0, 0
311972, 0, 1, 0
311979, 0, 0, 0
311985, 0, 1, 0
311992, 0, 0, 0
311998, 0, 1, 0
312005, 0, 0, 0
312011, 0, 1, 0
312018, 0, 0, 0
312023, 0, 1, 0
312030, 0, 0, 0
312036, 0, 1, 0
312043, 0, 0, 0
312049, 0, 1, 0
312056, 0, 0, 0
312062, 0, 1, 0
312069, 0, 0, 0
312075, 0, 1, 0
312082, 0, 0, 0
312087, 0, 1, 0
312094, 0, 0, 0
312100, 0, 1, 0
312107, 0, 0, 0
312113, 0, 1, 0
312120, 0, 0, 0
312126, 0, 1, 0
312133, 0, 0, 0
312139, 0, 1, 0
312146, 0, 0, 0
312151, 0, 1, 0
312158, 0, 0, 0
312164, 0, 1, 0
312171, 0, 0, 0
312177, 0, 1, 0
312184, 0, 0, 0
312190, 0, 1, 0
312197, 0, 0, 0
312203, 0, 1, 0
312210, 0, 0, 0
312215, 0, 1, 0
312222, 0, 0, 0
312228, 0, 1, 0
312235, 0, 0, 0
312241, 0, 1, 0
312248, 0, 0, 0
312254, 0, 1, 0
312261, 0, 0, 0
312267, 0, 1, 0
312274, 0, 0, 0
312279, 0, 1, 0
312286, 0, 0, 0
312292, 0, 1, 0
312299, 0, 0, 0
312305, 0, 1, 0
312312, 0, 0, 0
312318, 0, 1, 0
312325, 0, 0, 0
312331, 0, 1, 0
312338, 0, 0, 0
312343, 0, 1, 0
312350, 0, 0, 0
312356, 0, 1, 0
312363, 0, 0, 0
312369, 0, 1, 0
312376, 0, 0, 0
312382, 0, 1, 0
312389, 0, 0, 0
312395, 0, 1, 0
312402, 0, 0, 0
312407, 0, 1, 0
312414, 0, 0, 0
312420, 0, 1, 0
312427, 0, 0, 0
312433, 0, 1, 0
312440, 0, 0, 0
312446, 0, 1, 0
312453, 0, 0, 0
312459, 0, 1, 0
312466, 0, 0, 0
312471, 0, 1, 0
312478, 0, 0, 0
312484, 0, 1, 0
312491, 0, 0, 0
312497, 0, 1, 0
312504, 0, 0, 0
312510, 0, 1, 0
312517, 0, 0, 0
312523, 0, 1, 0
312530, 0, 0, 0
312535, 0, 1, 0
312542, 0, 0, 0
312548, 0, 1, 0
312555, 0, 0, 0
312561, 0, 1, 0
312568, 0, 0, 0
312574, 0, 1, 0
312581, 0, 0, 0
312587, 0, 1, 0
312594, 0, 0, 0
312599, 0, 1, 0
312606, 0, 0, 0
312612, 0, 1, 0
312619, 0, 0, 0
312625, 0, 1, 0
312632, 0, 0, 0
312638, 0, 1, 0
312645, 0, 0, 0
312651, 0, 1, 0
312658, 0, 0, 0
312663, 0, 1, 0
312670, 0, 0, 0
312676, 0, 1, 0
312683, 0, 0, 0
312689, 0, 1, 0
312696, 0, 0, 0
312702, 0, 1, 0
312709, 0, 0, 0
312715, 0, 1, 0
312722, 0, 0, 0
312727, 0, 1, 0
312734, 0, 0, 0
312740, 0, 1, 0
312747, 0, 0, 0
312753, 0, 1, 0
312760, 0, 0, 0
312766, 0, 1, 0
312773, 0, 0, 0
312779, 0, 1, 0
312786, 0, 0, 0
312791, 0, 1, 0
312798, 0, 0, 0
312804, 0, 1, 0
312811, 0, 0, 0
312817, 0, 1, 0
312824, 0, 0, 0
312830, 0, 1, 0
312837, 0, 0, 0
312843, 0, 1, 0
312850, 0, 0, 0
312855, 0, 1, 0
312862, 0, 0, 0
312868, 0, 1, 0
312875, 0, 0, 0
312881, 0, 1, 0
312888, 0, 0, 0
312894, 0, 1, 0
312901, 0, 0, 0
312907, 0, 1, 0
312914, 0, 0, 0
312919, 0, 1, 0
312926, 0, 0, 0
312932, 0, 1, 0
312939, 0, 0, 0
312945, 0, 1, 0
312952, 0, 0, 0
312958, 0, 1, 0
312965, 0, 0, 0
312971, 0, 1, 0
312978, 0, 0, 0
312983, 0, 1, 0
312990, 0, 0, 0
312996, 0, 1, 0
313003, 0, 0, 0
313009, 0, 1, 0
313016, 0, 0, 0
313022, 0, 1, 0
313029, 0, 0, 0
313035, 0, 1, 0
313042, 0, 0, 0
313047, 0, 1, 0
313054, 0, 0, 0
313060, 0, 1, 0
313067, 0, 0, 0
313073, 0, 1, 0
313080, 0, 0, 0
313086, 0, 1, 0
313093, 0, 0, 0
313099, 0, 1, 0
313106, 0, 0, 0
313111, 0, 1, 0
313118, 0, 0, 0
313124, 0, 1, 0
313131, 0, 0, 0
313137, 0, 1, 0
313144, 0, 0, 0
313150, 0, 1, 0
313157, 0, 0, 0
313163, 0, 1, 0
313170, 0, 0, 0
313175, 0, 1, 0
313182, 0, 0, 0
313188, 0, 1, 0
313195, 0, 0, 0
313201, 0, 1, 0
313208, 0, 0, 0
313214, 0, 1, 1
313221, 0, 0, 1
313226, 1, 0, 0
313227, 1, 1, 0
313234, 1, 0, 0
313239, 1, 1, 0
313247, 1, 0, 0
313252, 1, 1, 0
313259, 1, 0, 0
313265, 1, 1, 0
313272, 1, 0, 0
313278, 1, 1, 0
313285, 1, 0, 0
313291, 1, 1, 0
313298, 1, 0, 0
313303, 0, 1, 0
313311, 0, 0, 0
313316, 1, 1, 0
313323, 1, 0, 0
313329, 1, 1, 0
313336, 1, 0, 0
313342, 1, 1, 0
313349, 1, 0, 0
313354, 0, 0, 0
313355, 0, 1, 0
313362, 0, 0, 0
313367, 0, 1, 0
313375, 0, 0, 0
313380, 0, 1, 0
313387, 0, 0, 0
313393, 0, 1, 0
313400, 0, 0, 0
313406, 0, 1, 0
313413, 0, 0, 0
313418, 1, 0, 0
313419, 1, 1, 0
313426, 1, 0, 0
313431, 0, 1, 0
313439, 0, 0, 0
313444, 0, 1, 0
313451, 0, 0, 0
313457, 0, 1, 0
313464, 0, 0, 0
313470, 0, 1, 0
313477, 0, 0, 0
313483, 0, 1, 0
313490, 0, 0, 0
313495, 0, 1, 0
313503, 0, 0, 0
313508, 0, 1, 0
313515, 0, 0, 0
313521, 0, 1, 0
313528, 0, 0, 0
313534, 0, 1, 0
313541, 0, 0, 0
313547, 0, 1, 0
313554, 0, 0, 0
313559, 0, 1, 0
313567, 0, 0, 0
313572, 0, 1, 0
313579, 0, 0, 0
313585, 0, 1, 0
313592, 0, 0, 0
313598, 0, 1, 0
313605, 0, 0, 0
313611, 0, 1, 0
313618, 0, 0, 0
313623, 0, 1, 0
313631, 0, 0, 0
313636, 0, 1, 0
313643, 0, 0, 0
313649, 0, 1, 0
313656, 0, 0, 0
313662, 0, 1, 0
313669, 0, 0, 0
313675, 0, 1, 0
313682, 0, 0, 0
313687, 0, 1, 0
313695, 0, 0, 0
313700, 0, 1, 0
313707, 0, 0, 0
313713, 0, 1, 0
313720, 0, 0, 0
313726, 0, 1, 0
313733, 0, 0, 0
313739, 0, 1, 0
313746, 0, 0, 0
313751, 0, 1, 0
313759, 0, 0, 0
313764, 0, 1, 0
313771, 0, 0, 0
313777, 0, 1, 0
313784, 0, 0, 0
313790, 0, 1, 0
313797, 0, 0, 0
313803, 0, 1, 0
313810, 0, 0, 0
313815, 0, 1, 0
313823, 0, 0, 0
313828, 0, 1, 0
313835, 0, 0, 0
313841, 0, 1, 0
313848, 0, 0, 0
313854, 0, 1, 0
313861, 0, 0, 0
313867, 0, 1, 0
313874, 0, 0, 0
313879, 0, 1, 0
313887, 0, 0, 0
313892, 0, 1, 0
313899, 0, 0, 0
313905, 0, 1, 0
313912, 0, 0, 0
313918, 0, 1, 0
313925, 0, 0, 0
313931, 0, 1, 0
313938, 0, 0, 0
313944, 0, 1, 0
313951, 0, 0, 0
313956, 0, 1, 0
313963, 0, 0, 0
313969, 0, 1, 0
313976, 0, 0, 0
313982, 0, 1, 0
313989, 0, 0, 0
313995, 0, 1, 0
314002, 0, 0, 0
314008, 0, 1, 0
314015, 0, 0, 0
314020, 0, 1, 0
314027, 0, 0, 0
314033, 0, 1, 0
314040, 0, 0, 0
314046, 0, 1, 0
314053, 0, 0, 0
314059, 0, 1, 0
314066, 0, 0, 0
314072, 0, 1, 0
314079, 0, 0, 0
314084, 0, 1, 0
314091, 0, 0, 0
314097, 0, 1, 0
314104, 0, 0, 0
314110, 0, 1, 0
314117, 0, 0, 0
314123, 0, 1, 0
314130, 0, 0, 0
314136, 0, 1, 0
314143, 0, 0, 0
314148, 0, 1, 0
314155, 0, 0, 0
314161, 0, 1, 0
314168, 0, 0, 0
314174, 0, 1, 0
314181, 0, 0, 0
314187, 0, 1, 0
314194, 0, 0, 0
314200, 0, 1, 0
314207, 0, 0, 0
314212, 0, 1, 0
314219, 0, 0, 0
314225, 0, 1, 0
314232, 0, 0, 0
314238, 0, 1, 0
314245, 0, 0, 0
314251, 0, 1, 0
314258, 0, 0, 0
314264, 0, 1, 0
314271, 0, 0, 0
314276, 0, 1, 0
314283, 0, 0, 0
314289, 0, 1, 0
314296, 0, 0, 0
314302, 0, 1, 0
314309, 0, 0, 0
314315, 0, 1, 0
314322, 0, 0, 0
314328, 0, 1, 0
314335, 0, 0, 0
314340, 0, 1, 0
314347, 0, 0, 0
314353, 0, 1, 0
314360, 0, 0, 0
314366, 0, 1, 0
314373, 0, 0, 0
314379, 0, 1, 0
314386, 0, 0, 0
314392, 0, 1, 0
314399, 0, 0, 0
314404, 0, 1, 0
314411, 0, 0, 0
314417, 0, 1, 0
314424, 0, 0, 0
314430, 0, 1, 0
314437, 0, 0, 0
314443, 0, 1, 0
314450, 0, 0, 0
314456, 0, 1, 0
314463, 0, 0, 0
314468, 0, 1, 0
314475, 0, 0, 0
314481, 0, 1, 0
314488, 0, 0, 0
314494, 0, 1, 0
314501, 0, 0, 0
314507, 0, 1, 0
314514, 0, 0, 0
314520, 0, 1, 0
314527, 0, 0, 0
314532, 0, 1, 0
314539, 0, 0, 0
314545, 0, 1, 0
314552, 0, 0, 0
314558, 0, 1, 0
314565, 0, 0, 0
314571, 0, 1, 0
314578, 0, 0, 0
314584, 0, 1, 0
314591, 0, 0, 0
314596, 0, 1, 0
314603, 0, 0, 0
314609, 0, 1, 0
314616, 0, 0, 0
314622, 0, 1, 0
314629, 0, 0, 0
314635, 0, 1, 0
314642, 0, 0, 0
314648, 0, 1, 0
314655, 0, 0, 0
314660, 0, 1, 0
314667, 0, 0, 0
314673, 0, 1, 0
314680, 0, 0, 0
314686, 0, 1, 0
314693, 0, 0, 0
314699, 0, 1, 0
314706, 0, 0, 0
314712, 0, 1, 0
314719, 0, 0, 0
314724, 0, 1, 0
314731, 0, 0, 0
314737, 0, 1, 0
314744, 0, 0, 0
314750, 0, 1, 0
314757, 0, 0, 0
314763, 0, 1, 0
314770, 0, 0, 0
314776, 0, 1, 0
314783, 0, 0, 0
314788, 0, 1, 0
314795, 0, 0, 0
314801, 0, 1, 0
314808, 0, 0, 0
314814, 0, 1, 0
314821, 0, 0, 0
314827, 0, 1, 0
314834, 0, 0, 0
314840, 0, 1, 0
314847, 0, 0, 0
314852, 0, 1, 1
314859, 0, 0, 1
314865, 1, 1, 0
314872, 1, 0, 0
314878, 1, 1, 0
314885, 1, 0, 0
314891, 1, 1, 0
314898, 1, 0, 0
314904, 1, 1, 0
314911, 1, 0, 0
314916, 1, 1, 0
314923, 1, 0, 0
314929, 1, 1, 0
314936, 1, 0, 0
314942, 0, 1, 0
314949, 0, 0, 0
314954, 1, 0, 0
314955, 1, 1, 0
314962, 1, 0, 0
314968, 1, 1, 0
314975, 1, 0, 0
314980, 1, 1, 0
314987, 1, 0, 0
314993, 0, 1, 0
315000, 0, 0, 0
315006, 0, 1, 0
315013, 0, 0, 0
315019, 0, 1, 0
315026, 0, 0, 0
315032, 0, 1, 0
315039, 0, 0, 0
315044, 0, 1, 0
315051, 0, 0, 0
315057, 1, 1, 0
315064, 1, 0, 0
315070, 0, 1, 0
315077, 0, 0, 0
315083, 0, 1, 0
315090, 0, 0, 0
315096, 0, 1, 0
315103, 0, 0, 0
315108, 0, 1, 0
315115, 0, 0, 0
315121, 0, 1, 0
315128, 0, 0, 0
315134, 0, 1, 0
315141, 0, 0, 0
315147, 0, 1, 0
315154, 0, 0, 0
315160, 0, 1, 0
315167, 0, 0, 0
315172, 0, 1, 0
315179, 0, 0, 0
315185, 0, 1, 0
315192, 0, 0, 0
315198, 0, 1, 0
315205, 0, 0, 0
315211, 0, 1, 0
315218, 0, 0, 0
315224, 0, 1, 0
315231, 0, 0, 0
315236, 0, 1, 0
315243, 0, 0, 0
315249, 0, 1, 0
315256, 0, 0, 0
315262, 0, 1, 0
315269, 0, 0, 0
315275, 0, 1, 0
315282, 0, 0, 0
315288, 0, 1, 0
315295, 0, 0, 0
315300, 0, 1, 0
315307, 0, 0, 0
315313, 0, 1, 0
315320, 0, 0, 0
315326, 0, 1, 0
315333, 0, 0, 0
315339, 0, 1, 0
315346, 0, 0, 0
315352, 0, 1, 0
315359, 0, 0, 0
315364, 0, 1, 0
315371, 0, 0, 0
315377, 0, 1, 0
315384, 0, 0, 0
315390, 0, 1, 0
315397, 0, 0, 0
315403, 0, 1, 0
315410, 0, 0, 0
315416, 0, 1, 0
315423, 0, 0, 0
315428, 0, 1, 0
315435, 0, 0, 0
315441, 0, 1, 0
315448, 0, 0, 0
315454, 0, 1, 0
315461, 0, 0, 0
315467, 0, 1, 0
315474, 0, 0, 0
315480, 0, 1, 0
315487, 0, 0, 0
315492, 0, 1, 0
315499, 0, 0, 0
315505, 0, 1, 0
315512, 0, 0, 0
315518, 0, 1, 0
315525, 0, 0, 0
315531, 0, 1, 0
315538, 0, 0, 0
315544, 0, 1, 0
315551, 0, 0, 0
315556, 0, 1, 0
315563, 0, 0, 0
315569, 0, 1, 0
315576, 0, 0, 0
315582, 0, 1, 0
315589, 0, 0, 0
315595, 0, 1, 0
315602, 0, 0, 0
315608, 0, 1, 0
315615, 0, 0, 0
315620, 0, 1, 0
315627, 0, 0, 0
315633, 0, 1, 0
315640, 0, 0, 0
315646, 0, 1, 0
315653, 0, 0, 0
315659, 0, 1, 0
315666, 0, 0, 0
315672, 0, 1, 0
315679, 0, 0, 0
315684, 0, 1, 0
315691, 0, 0, 0
315697, 0, 1, 0
315704, 0, 0, 0
315710, 0, 1, 0
315717, 0, 0, 0
315723, 0, 1, 0
315730, 0, 0, 0
315736, 0, 1, 0
315743, 0, 0, 0
315748, 0, 1, 0
315755, 0, 0, 0
315761, 0, 1, 0
315768, 0, 0, 0
315774, 0, 1, 0
315781, 0, 0, 0
315787, 0, 1, 0
315794, 0, 0, 0
315800, 0, 1, 0
315807, 0, 0, 0
315812, 0, 1, 0
315819, 0, 0, 0
315825, 0, 1, 0
315832, 0, 0, 0
315838, 0, 1, 0
315845, 0, 0, 0
315851, 0, 1, 0
315858, 0, 0, 0
315864, 0, 1, 0
315871, 0, 0, 0
315876, 0, 1, 0
315883, 0, 0, 0
315889, 0, 1, 0
315896, 0, 0, 0
315902, 0, 1, 0
315909, 0, 0, 0
315915, 0, 1, 0
315922, 0, 0, 0
315928, 0, 1, 0
315935, 0, 0, 0
315940, 0, 1, 0
315947, 0, 0, 0
315953, 0, 1, 0
315960, 0, 0, 0
315966, 0, 1, 0
315973, 0, 0, 0
315979, 0, 1, 0
315986, 0, 0, 0
315992, 0, 1, 0
315999, 0, 0, 0
316004, 0, 1, 0
316011, 0, 0, 0
316017, 0, 1, 0
316024, 0, 0, 0
316030, 0, 1, 0
316037, 0, 0, 0
316043, 0, 1, 0
316050, 0, 0, 0
316056, 0, 1, 0
316063, 0, 0, 0
316068, 0, 1, 0
316075, 0, 0, 0
316081, 0, 1, 0
316088, 0, 0, 0
316094, 0, 1, 0
316101, 0, 0, 0
316107, 0, 1, 0
316114, 0, 0, 0
316120, 0, 1, 0
316127, 0, 0, 0
316132, 0, 1, 0
316139, 0, 0, 0
316145, 0, 1, 0
316152, 0, 0, 0
316158, 0, 1, 0
316165, 0, 0, 0
316171, 0, 1, 0
316178, 0, 0, 0
316184, 0, 1, 0
316191, 0, 0, 0
316196, 0, 1, 0
316203, 0, 0, 0
316209, 0, 1, 0
316216, 0, 0, 0
316222, 0, 1, 0
316229, 0, 0, 0
316235, 0, 1, 0
316242, 0, 0, 0
316248, 0, 1, 0
316255, 0, 0, 0
316260, 0, 1, 0
316267, 0, 0, 0
316273, 0, 1, 0
316280, 0, 0, 0
316286, 0, 1, 0
316293, 0, 0, 0
316299, 0, 1, 0
316306, 0, 0, 0
316312, 0, 1, 0
316319, 0, 0, 0
316324, 0, 1, 0
316331, 0, 0, 0
316337, 0, 1, 0
316344, 0, 0, 0
316350, 0, 1, 0
316357, 0, 0, 0
316363, 0, 1, 0
316370, 0, 0, 0
316376, 0, 1, 0
316383, 0, 0, 0
316388, 0, 1, 0
316395, 0, 0, 0
316401, 0, 1, 0
316408, 0, 0, 0
316414, 0, 1, 0
316421, 0, 0, 0
316427, 0, 1, 0
316434, 0, 0, 0
316440, 0, 1, 0
316447, 0, 0, 0
316452, 0, 1, 0
316459, 0, 0, 0
316465, 0, 1, 0
316472, 0, 0, 0
316478, 0, 1, 0
316485, 0, 0, 0
316491, 0, 1, 1
316498, 0, 0, 1
316503, 1, 0, 0
316504, 1, 1, 0
316511, 1, 0, 0
316516, 1, 1, 0
316523, 1, 0, 0
316529, 1, 1, 0
316536, 1, 0, 0
316542, 1, 1, 0
316549, 1, 0, 0
316555, 1, 1, 0
316562, 1, 0, 0
316568, 1, 1, 0
316575, 1, 0, 0
316580, 0, 1, 0
316587, 0, 0, 0
316593, 1, 1, 0
316600, 1, 0, 0
316606, 1, 1, 0
316613, 1, 0, 0
316619, 1, 1, 0
316626, 1, 0, 0
316631, 0, 0, 0
316632, 0, 1, 0
316639, 0, 0, 0
316644, 0, 1, 0
316651, 0, 0, 0
316657, 0, 1, 0
316664, 0, 0, 0
316670, 0, 1, 0
316677, 0, 0, 0
316683, 0, 1, 0
316690, 0, 0, 0
316695, 1, 0, 0
316696, 1, 1, 0
316703, 1, 0, 0
316708, 0, 1, 0
316715, 0, 0, 0
316721, 0, 1, 0
316728, 0, 0, 0
316734, 0, 1, 0
316741, 0, 0, 0
316747, 0, 1, 0
316754, 0, 0, 0
316760, 0, 1, 0
316767, 0, 0, 0
316772, 0, 1, 0
316779, 0, 0, 0
316785, 0, 1, 0
316792, 0, 0, 0
316798, 0, 1, 0
316805, 0, 0, 0
316811, 0, 1, 0
316818, 0, 0, 0
316824, 0, 1, 0
316831, 0, 0, 0
316836, 0, 1, 0
316843, 0, 0, 0
316849, 0, 1, 0
316856, 0, 0, 0
316862, 0, 1, 0
316869, 0, 0, 0
316875, 0, 1, 0
316882, 0, 0, 0
316888, 0, 1, 0
316895, 0, 0, 0
316900, 0, 1, 0
316907, 0, 0, 0
316913, 0, 1, 0
316920, 0, 0, 0
316926, 0, 1, 0
316933, 0, 0, 0
316939, 0, 1, 0
316946, 0, 0, 0
316952, 0, 1, 0
316959, 0, 0, 0
316964, 0, 1, 0
316971, 0, 0, 0
316977, 0, 1, 0
316984, 0, 0, 0
316990, 0, 1, 0
316997, 0, 0, 0
317003, 0, 1, 0
317010, 0, 0, 0
317016, 0, 1, 0
317023, 0, 0, 0
317028, 0, 1, 0
317035, 0, 0, 0
317041, 0, 1, 0
317048, 0, 0, 0
317054, 0, 1, 0
317061, 0, 0, 0
317067, 0, 1, 0
317074, 0, 0, 0
317080, 0, 1, 0
317087, 0, 0, 0
317092, 0, 1, 0
317099, 0, 0, 0
317105, 0, 1, 0
317112, 0, 0, 0
317118, 0, 1, 0
317125, 0, 0, 0
317131, 0, 1, 0
317138, 0, 0, 0
317144, 0, 1, 0
317151, 0, 0, 0
317156, 0, 1, 0
317163, 0, 0, 0
317169, 0, 1, 0
317176, 0, 0, 0
317182, 0, 1, 0
317189, 0, 0, 0
317195, 0, 1, 0
317202, 0, 0, 0
317208, 0, 1, 0
317215, 0, 0, 0
317220, 0, 1, 0
317227, 0, 0, 0
317233, 0, 1, 0
317240, 0, 0, 0
317246, 0, 1, 0
317253, 0, 0, 0
317259, 0, 1, 0
317266, 0, 0, 0
317272, 0, 1, 0
317279, 0, 0, 0
317284, 0, 1, 0
317291, 0, 0, 0
317297, 0, 1, 0
317304, 0, 0, 0
317310, 0, 1, 0
317317, 0, 0, 0
317323, 0, 1, 0
317330, 0, 0, 0
317336, 0, 1, 0
317343, 0, 0, 0
317348, 0, 1, 0
317355, 0, 0, 0
317361, 0, 1, 0
317368, 0, 0, 0
317374, 0, 1, 0
317381, 0, 0, 0
317387, 0, 1, 0
317394, 0, 0, 0
317400, 0, 1, 0
317407, 0, 0, 0
317412, 0, 1, 0
317419, 0, 0, 0
317425, 0, 1, 0
317432, 0, 0, 0
317438, 0, 1, 0
317445, 0, 0, 0
317451, 0, 1, 0
317458, 0, 0, 0
317464, 0, 1, 0
317471, 0, 0, 0
317476, 0, 1, 0
317483, 0, 0, 0
317489, 0, 1, 0
317496, 0, 0, 0
317502, 0, 1, 0
317509, 0, 0, 0
317515, 0, 1, 0
317522, 0, 0, 0
317528, 0, 1, 0
317535, 0, 0, 0
317540, 0, 1, 0
317547, 0, 0, 0
317553, 0, 1, 0
317560, 0, 0, 0
317566, 0, 1, 0
317573, 0, 0, 0
317579, 0, 1, 0
317586, 0, 0, 0
317592, 0, 1, 0
317599, 0, 0, 0
317604, 0, 1, 0
317611, 0, 0, 0
317617, 0, 1, 0
317624, 0, 0, 0
317630, 0, 1, 0
317637, 0, 0, 0
317643, 0, 1, 0
317650, 0, 0, 0
317656, 0, 1, 0
317663, 0, 0, 0
317668, 0, 1, 0
317675, 0, 0, 0
317681, 0, 1, 0
317688, 0, 0, 0
317694, 0, 1, 0
317701, 0, 0, 0
317707, 0, 1, 0
317714, 0, 0, 0
317720, 0, 1, 0
317727, 0, 0, 0
317732, 0, 1, 0
317739, 0, 0, 0
317745, 0, 1, 0
317752, 0, 0, 0
317758, 0, 1, 0
317765, 0, 0, 0
317771, 0, 1, 0
317778, 0, 0, 0
317784, 0, 1, 0
317791, 0, 0, 0
317796, 0, 1, 0
317803, 0, 0, 0
317809, 0, 1, 0
317816, 0, 0, 0
317822, 0, 1, 0
317829, 0, 0, 0
317835, 0, 1, 0
317842, 0, 0, 0
317848, 0, 1, 0
317855, 0, 0, 0
317860, 0, 1, 0
317867, 0, 0, 0
317873, 0, 1, 0
317880, 0, 0, 0
317886, 0, 1, 0
317893, 0, 0, 0
317899, 0, 1, 0
317906, 0, 0, 0
317912, 0, 1, 0
317919, 0, 0, 0
317924, 0, 1, 0
317931, 0, 0, 0
317937, 0, 1, 0
317944, 0, 0, 0
317950, 0, 1, 0
317957, 0, 0, 0
317963, 0, 1, 0
317970, 0, 0, 0
317976, 0, 1, 0
317983, 0, 0, 0
317988, 0, 1, 0
317995, 0, 0, 0
318001, 0, 1, 0
318008, 0, 0, 0
318014, 0, 1, 0
318021, 0, 0, 0
318027, 0, 1, 0
318034, 0, 0, 0
318040, 0, 1, 0
318047, 0, 0, 0
318052, 0, 1, 0
318059, 0, 0, 0
318065, 0, 1, 0
318072, 0, 0, 0
318078, 0, 1, 0
318085, 0, 0, 0
318091, 0, 1, 0
318098, 0, 0, 0
318104, 0, 1, 0
318111, 0, 0, 0
318116, 0, 1, 0
318123, 0, 0, 0
318129, 0, 1, 1
318136, 0, 0, 1
318142, 1, 1, 0
318149, 1, 0, 0
318155, 1, 1, 0
318162, 1, 0, 0
318168, 1, 1, 0
318175, 1, 0, 0
318180, 1, 1, 0
318188, 1, 0, 0
318193, 1, 1, 0
318200, 1, 0, 0
318206, 1, 1, 0
318213, 1, 0, 0
318218, 0, 0, 0
318219, 0, 1, 0
318226, 0, 0, 0
318231, 1, 0, 0
318232, 1, 1, 0
318239, 1, 0, 0
318244, 1, 1, 0
318252, 1, 0, 0
318257, 1, 1, 0
318264, 1, 0, 0
318270, 0, 1, 0
318277, 0, 0, 0
318283, 0, 1, 0
318290, 0, 0, 0
318296, 0, 1, 0
318303, 0, 0, 0
318308, 0, 1, 0
318316, 0, 0, 0
318321, 0, 1, 0
318328, 0, 0, 0
318334, 1, 1, 0
318341, 1, 0, 0
318346, 0, 0, 0
318347, 0, 1, 0
318354, 0, 0, 0
318360, 0, 1, 0
318367, 0, 0, 0
318372, 0, 1, 0
318380, 0, 0, 0
318385, 0, 1, 0
318392, 0, 0, 0
318398, 0, 1, 0
318405, 0, 0, 0
318411, 0, 1, 0
318418, 0, 0, 0
318424, 0, 1, 0
318431, 0, 0, 0
318436, 0, 1, 0
318444, 0, 0, 0
318449, 0, 1, 0
318456, 0, 0, 0
318462, 0, 1, 0
318469, 0, 0, 0
318475, 0, 1, 0
318482, 0, 0, 0
318488, 0, 1, 0
318495, 0, 0, 0
318500, 0, 1, 0
318508, 0, 0, 0
318513, 0, 1, 0
318520, 0, 0, 0
318526, 0, 1, 0
318533, 0, 0, 0
318539, 0, 1, 0
318546, 0, 0, 0
318552, 0, 1, 0
318559, 0, 0, 0
318564, 0, 1, 0
318572, 0, 0, 0
318577, 0, 1, 0
318584, 0, 0, 0
318590, 0, 1, 0
318597, 0, 0, 0
318603, 0, 1, 0
318610, 0, 0, 0
318616, 0, 1, 0
318623, 0, 0, 0
318628, 0, 1, 0
318636, 0, 0, 0
318641, 0, 1, 0
318648, 0, 0, 0
318654, 0, 1, 0
318661, 0, 0, 0
318667, 0, 1, 0
318674, 0, 0, 0
318680, 0, 1, 0
318687, 0, 0, 0
318692, 0, 1, 0
318700, 0, 0, 0
318705, 0, 1, 0
318712, 0, 0, 0
318718, 0, 1, 0
318725, 0, 0, 0
318731, 0, 1, 0
318738, 0, 0, 0
318744, 0, 1, 0
318751, 0, 0, 0
318756, 0, 1, 0
318764, 0, 0, 0
318769, 0, 1, 0
318776, 0, 0, 0
318782, 0, 1, 0
318789, 0, 0, 0
318795, 0, 1, 0
318802, 0, 0, 0
318808, 0, 1, 0
318815, 0, 0, 0
318820, 0, 1, 0
318828, 0, 0, 0
318833, 0, 1, 0
318840, 0, 0, 0
318846, 0, 1, 0
318853, 0, 0, 0
318859, 0, 1, 0
318866, 0, 0, 0
318872, 0, 1, 0
318879, 0, 0, 0
318885, 0, 1, 0
318892, 0, 0, 0
318897, 0, 1, 0
318904, 0, 0, 0
318910, 0, 1, 0
318917, 0, 0, 0
318923, 0, 1, 0
318930, 0, 0, 0
318936, 0, 1, 0
318943, 0, 0, 0
318949, 0, 1, 0
318956, 0, 0, 0
318961, 0, 1, 0
318968, 0, 0, 0
318974, 0, 1, 0
318981, 0, 0, 0
318987, 0, 1, 0
318994, 0, 0, 0
319000, 0, 1, 0
319007, 0, 0, 0
319013, 0, 1, 0
319020, 0, 0, 0
319025, 0, 1, 0
319032, 0, 0, 0
319038, 0, 1, 0
319045, 0, 0, 0
319051, 0, 1, 0
319058, 0, 0, 0
319064, 0, 1, 0
319071, 0, 0, 0
319077, 0, 1, 0
319084, 0, 0, 0
319089, 0, 1, 0
319096, 0, 0, 0
319102, 0, 1, 0
319109, 0, 0, 0
319115, 0, 1, 0
319122, 0, 0, 0
319128, 0, 1, 0
319135, 0, 0, 0
319141, 0, 1, 0
319148, 0, 0, 0
319153, 0, 1, 0
319160, 0, 0, 0
319166, 0, 1, 0
319173, 0, 0, 0
319179, 0, 1, 0
319186, 0, 0, 0
319192, 0, 1, 0
319199, 0, 0, 0
319205, 0, 1, 0
319212, 0, 0, 0
319217, 0, 1, 0
319224, 0, 0, 0
319230, 0, 1, 0
319237, 0, 0, 0
319243, 0, 1, 0
319250, 0, 0, 0
319256, 0, 1, 0
319263, 0, 0, 0
319269, 0, 1, 0
319276, 0, 0, 0
319281, 0, 1, 0
319288, 0, 0, 0
319294, 0, 1, 0
319301, 0, 0, 0
319307, 0, 1, 0
319314, 0, 0, 0
319320, 0, 1, 0
319327, 0, 0, 0
319333, 0, 1, 0
319340, 0, 0, 0
319345, 0, 1, 0
319352, 0, 0, 0
319358, 0, 1, 0
319365, 0, 0, 0
319371, 0, 1, 0
319378, 0, 0, 0
319384, 0, 1, 0
319391, 0, 0, 0
319397, 0, 1, 0
319404, 0, 0, 0
319409, 0, 1, 0
319416, 0, 0, 0
319422, 0, 1, 0
319429, 0, 0, 0
319435, 0, 1, 0
319442, 0, 0, 0
319448, 0, 1, 0
319455, 0, 0, 0
319461, 0, 1, 0
319468, 0, 0, 0
319473, 0, 1, 0
319480, 0, 0, 0
319486, 0, 1, 0
319493, 0, 0, 0
319499, 0, 1, 0
319506, 0, 0, 0
319512, 0, 1, 0
319519, 0, 0, 0
319525, 0, 1, 0
319532, 0, 0, 0
319537, 0, 1, 0
319544, 0, 0, 0
319550, 0, 1, 0
319557, 0, 0, 0
319563, 0, 1, 0
319570, 0, 0, 0
319576, 0, 1, 0
319583, 0, 0, 0
319589, 0, 1, 0
319596, 0, 0, 0
319601, 0, 1, 0
319608, 0, 0, 0
319614, 0, 1, 0
319621, 0, 0, 0
319627, 0, 1, 0
319634, 0, 0, 0
319640, 0, 1, 0
319647, 0, 0, 0
319653, 0, 1, 0
319660, 0, 0, 0
319665, 0, 1, 0
319672, 0, 0, 0
319678, 0, 1, 0
319685, 0, 0, 0
319691, 0, 1, 0
319698, 0, 0, 0
319704, 0, 1, 0
319711, 0, 0, 0
319717, 0, 1, 0
319724, 0, 0, 0
319729, 0, 1, 0
319736, 0, 0, 0
319742, 0, 1, 0
319749, 0, 0, 0
319755, 0, 1, 0
319762, 0, 0, 0
319767, 0, 0, 1
319768, 0, 1, 1
319775, 0, 0, 1
319780, 1, 0, 0
319781, 1, 1, 0
319788, 1, 0, 0
319793, 1, 1, 0
319800, 1, 0, 0
319806, 1, 1, 0
319813, 1, 0, 0
319819, 1, 1, 0
319826, 1, 0, 0
319832, 1, 1, 0
319839, 1, 0, 0
319845, 1, 1, 0
319852, 1, 0, 0
319857, 0, 1, 0
319864, 0, 0, 0
319870, 1, 1, 0
319877, 1, 0, 0
319883, 1, 1, 0
319890, 1, 0, 0
319896, 1, 1, 0
319903, 1, 0, 0
319908, 0, 0, 0
319909, 0, 1, 0
319916, 0, 0, 0
319921, 0, 1, 0
319928, 0, 0, 0
319934, 0, 1, 0
319941, 0, 0, 0
319947, 0, 1, 0
319954, 0, 0, 0
319960, 0, 1, 0
319967, 0, 0, 0
319972, 1, 0, 0
319973, 1, 1, 0
319980, 1, 0, 0
319985, 0, 1, 0
319992, 0, 0, 0
319998, 0, 1, 0
320005, 0, 0, 0
320011, 0, 1, 0
320018, 0, 0, 0
320024, 0, 1, 0
320031, 0, 0, 0
320037, 0, 1, 0
320044, 0, 0, 0
320049, 0, 1, 0
320056, 0, 0, 0
320062, 0, 1, 0
320069, 0, 0, 0
320075, 0, 1, 0
320082, 0, 0, 0
320088, 0, 1, 0
320095, 0, 0, 0
320101, 0, 1, 0
320108, 0, 0, 0
320113, 0, 1, 0
320120, 0, 0, 0
320126, 0, 1, 0
320133, 0, 0, 0
320139, 0, 1, 0
320146, 0, 0, 0
320152, 0, 1, 0
320159, 0, 0, 0
320165, 0, 1, 0
320172, 0, 0, 0
320177, 0, 1, 0
320184, 0, 0, 0
320190, 0, 1, 0
320197, 0, 0, 0
320203, 0, 1, 0
320210, 0, 0, 0
320216, 0, 1, 0
320223, 0, 0, 0
320229, 0, 1, 0
320236, 0, 0, 0
320241, 0, 1, 0
320248, 0, 0, 0
320254, 0, 1, 0
320261, 0, 0, 0
320267, 0, 1, 0
320274, 0, 0, 0
320280, 0, 1, 0
320287, 0, 0, 0
320293, 0, 1, 0
320300, 0, 0, 0
320305, 0, 1, 0
320312, 0, 0, 0
320318, 0, 1, 0
320325, 0, 0, 0
320331, 0, 1, 0
320338, 0, 0, 0
320344, 0, 1, 0
320351, 0, 0, 0
320357, 0, 1, 0
320364, 0, 0, 0
320369, 0, 1, 0
320376, 0, 0, 0
320382, 0, 1, 0
320389, 0, 0, 0
320395, 0, 1, 0
320402, 0, 0, 0
320408, 0, 1, 0
320415, 0, 0, 0
320421, 0, 1, 0
320428, 0, 0, 0
320433, 0, 1, 0
320440, 0, 0, 0
320446, 0, 1, 0
320453, 0, 0, 0
320459, 0, 1, 0
320466, 0, 0, 0
320472, 0, 1, 0
320479, 0, 0, 0
320485, 0, 1, 0
320492, 0, 0, 0
320497, 0, 1, 0
320504, 0, 0, 0
320510, 0, 1, 0
320517, 0, 0, 0
320523, 0, 1, 0
320530, 0, 0, 0
320536, 0, 1, 0
320543, 0, 0, 0
320549, 0, 1, 0
320556, 0, 0, 0
320561, 0, 1, 0
320568, 0, 0, 0
320574, 0, 1, 0
320581, 0, 0, 0
320587, 0, 1, 0
320594, 0, 0, 0
320600, 0, 1, 0
320607, 0, 0, 0
320613, 0, 1, 0
320620, 0, 0, 0
320625, 0, 1, 0
320632, 0, 0, 0
320638, 0, 1, 0
320645, 0, 0, 0
320651, 0, 1, 0
320658, 0, 0, 0
320664, 0, 1, 0
320671, 0, 0, 0
320677, 0, 1, 0
320684, 0, 0, 0
320689, 0, 1, 0
320696, 0, 0, 0
320702, 0, 1, 0
320709, 0, 0, 0
320715, 0, 1, 0
320722, 0, 0, 0
320728, 0, 1, 0
320735, 0, 0, 0
320741, 0, 1, 0
320748, 0, 0, 0
320753, 0, 1, 0
320760, 0, 0, 0
320766, 0, 1, 0
320773, 0, 0, 0
320779, 0, 1, 0
320786, 0, 0, 0
320792, 0, 1, 0
320799, 0, 0, 0
320805, 0, 1, 0
320812, 0, 0, 0
320817, 0, 1, 0
320824, 0, 0, 0
320830, 0, 1, 0
320837, 0, 0, 0
320843, 0, 1, 0
320850, 0, 0, 0
320856, 0, 1, 0
320863, 0, 0, 0
320869, 0, 1, 0
320876, 0, 0, 0
320881, 0, 1, 0
320888, 0, 0, 0
320894, 0, 1, 0
320901, 0, 0, 0
320907, 0, 1, 0
320914, 0, 0, 0
320920, 0, 1, 0
320927, 0, 0, 0
320933, 0, 1, 0
320940, 0, 0, 0
320945, 0, 1, 0
320952, 0, 0, 0
320958, 0, 1, 0
320965, 0, 0, 0
320971, 0, 1, 0
320978, 0, 0, 0
320984, 0, 1, 0
320991, 0, 0, 0
320997, 0, 1, 0
321004, 0, 0, 0
321009, 0, 1, 0
321016, 0, 0, 0
321022, 0, 1, 0
321029, 0, 0, 0
321035, 0, 1, 0
321042, 0, 0, 0
321048, 0, 1, 0
321055, 0, 0, 0
321061, 0, 1, 0
321068, 0, 0, 0
321073, 0, 1, 0
321080, 0, 0, 0
321086, 0, 1, 0
321093, 0, 0, 0
321099, 0, 1, 0
321106, 0, 0, 0
321112, 0, 1, 0
321119, 0, 0, 0
321125, 0, 1, 0
321132, 0, 0, 0
321137, 0, 1, 0
321144, 0, 0, 0
321150, 0, 1, 0
321157, 0, 0, 0
321163, 0, 1, 0
321170, 0, 0, 0
321176, 0, 1, 0
321183, 0, 0, 0
321189, 0, 1, 0
321196, 0, 0, 0
321201, 0, 1, 0
321208, 0, 0, 0
321214, 0, 1, 0
321221, 0, 0, 0
321227, 0, 1, 0
321234, 0, 0, 0
321240, 0, 1, 0
321247, 0, 0, 0
321253, 0, 1, 0
321260, 0, 0, 0
321265, 0, 1, 0
321272, 0, 0, 0
321278, 0, 1, 0
321285, 0, 0, 0
321291, 0, 1, 0
321298, 0, 0, 0
321304, 0, 1, 0
321311, 0, 0, 0
321317, 0, 1, 0
321324, 0, 0, 0
321329, 0, 1, 0
321336, 0, 0, 0
321342, 0, 1, 0
321349, 0, 0, 0
321355, 0, 1, 0
321362, 0, 0, 0
321368, 0, 1, 0
321375, 0, 0, 0
321381, 0, 1, 0
321388, 0, 0, 0
321393, 0, 1, 0
321400, 0, 0, 0
321406, 0, 1, 1
321413, 0, 0, 1
321419, 1, 1, 0
321426, 1, 0, 0
321432, 1, 1, 0
321439, 1, 0, 0
321445, 1, 1, 0
321452, 1, 0, 0
321457, 1, 1, 0
321464, 1, 0, 0
321470, 1, 1, 0
321477, 1, 0, 0
321483, 1, 1, 0
321490, 1, 0, 0
321495, 0, 0, 0
321496, 0, 1, 0
321503, 0, 0, 0
321508, 1, 0, 0
321509, 1, 1, 0
321516, 1, 0, 0
321521, 1, 1, 0
321528, 1, 0, 0
321534, 1, 1, 0
321541, 1, 0, 0
321547, 0, 1, 0
321554, 0, 0, 0
321560, 0, 1, 0
321567, 0, 0, 0
321573, 0, 1, 0
321580, 0, 0, 0
321585, 0, 1, 0
321592, 0, 0, 0
321598, 0, 1, 0
321605, 0, 0, 0
321611, 1, 1, 0
321618, 1, 0, 0
321623, 0, 0, 0
321624, 0, 1, 0
321631, 0, 0, 0
321637, 0, 1, 0
321644, 0, 0, 0
321649, 0, 1, 0
321656, 0, 0, 0
321662, 0, 1, 0
321669, 0, 0, 0
321675, 0, 1, 0
321682, 0, 0, 0
321688, 0, 1, 0
321695, 0, 0, 0
321701, 0, 1, 0
321708, 0, 0, 0
321713, 0, 1, 0
321720, 0, 0, 0
321726, 0, 1, 0
321733, 0, 0, 0
321739, 0, 1, 0
321746, 0, 0, 0
321752, 0, 1, 0
321759, 0, 0, 0
321765, 0, 1, 0
321772, 0, 0, 0
321777, 0, 1, 0
321784, 0, 0, 0
321790, 0, 1, 0
321797, 0, 0, 0
321803, 0, 1, 0
321810, 0, 0, 0
321816, 0, 1, 0
321823, 0, 0, 0
321829, 0, 1, 0
321836, 0, 0, 0
321841, 0, 1, 0
321848, 0, 0, 0
321854, 0, 1, 0
321861, 0, 0, 0
321867, 0, 1, 0
321874, 0, 0, 0
321880, 0, 1, 0
321887, 0, 0, 0
321893, 0, 1, 0
321900, 0, 0, 0
321905, 0, 1, 0
321912, 0, 0, 0
321918, 0, 1, 0
321925, 0, 0, 0
321931, 0, 1, 0
321938, 0, 0, 0
321944, 0, 1, 0
321951, 0, 0, 0
321957, 0, 1, 0
321964, 0, 0, 0
321969, 0, 1, 0
321976, 0, 0, 0
321982, 0, 1, 0
321989, 0, 0, 0
321995, 0, 1, 0
322002, 0, 0, 0
322008, 0, 1, 0
322015, 0, 0, 0
322021, 0, 1, 0
322028, 0, 0, 0
322033, 0, 1, 0
322040, 0, 0, 0
322046, 0, 1, 0
322053, 0, 0, 0
322059, 0, 1, 0
322066, 0, 0, 0
322072, 0, 1, 0
322079, 0, 0, 0
322085, 0, 1, 0
322092, 0, 0, 0
322097, 0, 1, 0
322104, 0, 0, 0
322110, 0, 1, 0
322117, 0, 0, 0
322123, 0, 1, 0
322130, 0, 0, 0
322136, 0, 1, 0
322143, 0, 0, 0
322149, 0, 1, 0
322156, 0, 0, 0
322161, 0, 1, 0
322168, 0, 0, 0
322174, 0, 1, 0
322181, 0, 0, 0
322187, 0, 1, 0
322194, 0, 0, 0
322200, 0, 1, 0
322207, 0, 0, 0
322213, 0, 1, 0
322220, 0, 0, 0
322225, 0, 1, 0
322232, 0, 0, 0
322238, 0, 1, 0
322245, 0, 0, 0
322251, 0, 1, 0
322258, 0, 0, 0
322264, 0, 1, 0
322271, 0, 0, 0
322277, 0, 1, 0
322284, 0, 0, 0
322289, 0, 1, 0
322296, 0, 0, 0
322302, 0, 1, 0
322309, 0, 0, 0
322315, 0, 1, 0
322322, 0, 0, 0
322328, 0, 1, 0
322335, 0, 0, 0
322341, 0, 1, 0
322348, 0, 0, 0
322353, 0, 1, 0
322360, 0, 0, 0
322366, 0, 1, 0
322373, 0, 0, 0
322379, 0, 1, 0
322386, 0, 0, 0
322392, 0, 1, 0
322399, 0, 0, 0
322405, 0, 1, 0
322412, 0, 0, 0
322417, 0, 1, 0
322424, 0, 0, 0
322430, 0, 1, 0
322437, 0, 0, 0
322443, 0, 1, 0
322450, 0, 0, 0
322456, 0, 1, 0
322463, 0, 0, 0
322469, 0, 1, 0
322476, 0, 0, 0
322481, 0, 1, 0
322488, 0, 0, 0
322494, 0, 1, 0
322501, 0, 0, 0
322507, 0, 1, 0
322514, 0, 0, 0
322520, 0, 1, 0
322527, 0, 0, 0
322533, 0, 1, 0
322540, 0, 0, 0
322545, 0, 1, 0
322552, 0, 0, 0
322558, 0, 1, 0
322565, 0, 0, 0
322571, 0, 1, 0
322578, 0, 0, 0
322584, 0, 1, 0
322591, 0, 0, 0
322597, 0, 1, 0
322604, 0, 0, 0
322609, 0, 1, 0
322616, 0, 0, 0
322622, 0, 1, 0
322629, 0, 0, 0
322635, 0, 1, 0
322642, 0, 0, 0
322648, 0, 1, 0
322655, 0, 0, 0
322661, 0, 1, 0
322668, 0, 0, 0
322673, 0, 1, 0
322680, 0, 0, 0
322686, 0, 1, 0
322693, 0, 0, 0
322699, 0, 1, 0
322706, 0, 0, 0
322712, 0, 1, 0
322719, 0, 0, 0
322725, 0, 1, 0
322732, 0, 0, 0
322737, 0, 1, 0
322744, 0, 0, 0
322750, 0, 1, 0
322757, 0, 0, 0
322763, 0, 1, 0
322770, 0, 0, 0
322776, 0, 1, 0
322783, 0, 0, 0
322789, 0, 1, 0
322796, 0, 0, 0
322801, 0, 1, 0
322808, 0, 0, 0
322814, 0, 1, 0
322821, 0, 0, 0
322827, 0, 1, 0
322834, 0, 0, 0
322840, 0, 1, 0
322847, 0, 0, 0
322853, 0, 1, 0
322860, 0, 0, 0
322865, 0, 1, 0
322872, 0, 0, 0
322878, 0, 1, 0
322885, 0, 0, 0
322891, 0, 1, 0
322898, 0, 0, 0
322904, 0, 1, 0
322911, 0, 0, 0
322917, 0, 1, 0
322924, 0, 0, 0
322929, 0, 1, 0
322936, 0, 0, 0
322942, 0, 1, 0
322949, 0, 0, 0
322955, 0, 1, 0
322962, 0, 0, 0
322968, 0, 1, 0
322975, 0, 0, 0
322981, 0, 1, 0
322988, 0, 0, 0
322993, 0, 1, 0
323000, 0, 0, 0
323006, 0, 1, 0
323013, 0, 0, 0
323019, 0, 1, 0
323026, 0, 0, 0
323032, 0, 1, 0
323039, 0, 0, 0
323044, 0, 0, 1
323045, 0, 1, 1
323052, 0, 0, 1
323057, 1, 1, 0
323064, 1, 0, 0
323070, 1, 1, 0
323077, 1, 0, 0
323083, 1, 1, 0
323090, 1, 0, 0
323096, 1, 1, 0
323103, 1, 0, 0
323109, 1, 1, 0
323116, 1, 0, 0
323121, 1, 1, 0
323129, 1, 0, 0
323134, 0, 1, 0
323141, 0, 0, 0
323147, 1, 1, 0
323154, 1, 0, 0
323160, 1, 1, 0
323167, 1, 0, 0
323173, 1, 1, 0
323180, 1, 0, 0
323185, 0, 1, 0
323193, 0, 0, 0
323198, 0, 1, 0
323205, 0, 0, 0
323211, 0, 1, 0
323218, 0, 0, 0
323224, 0, 1, 0
323231, 0, 0, 0
323237, 0, 1, 0
323244, 0, 0, 0
323249, 1, 1, 0
323257, 1, 0, 0
323262, 0, 1, 0
323269, 0, 0, 0
323275, 0, 1, 0
323282, 0, 0, 0
323288, 0, 1, 0
323295, 0, 0, 0
323301, 0, 1, 0
323308, 0, 0, 0
323313, 0, 1, 0
323321, 0, 0, 0
323326, 0, 1, 0
323333, 0, 0, 0
323339, 0, 1, 0
323346, 0, 0, 0
323352, 0, 1, 0
323359, 0, 0, 0
323365, 0, 1, 0
323372, 0, 0, 0
323377, 0, 1, 0
323385, 0, 0, 0
323390, 0, 1, 0
323397, 0, 0, 0
323403, 0, 1, 0
323410, 0, 0, 0
323416, 0, 1, 0
323423, 0, 0, 0
323429, 0, 1, 0
323436, 0, 0, 0
323441, 0, 1, 0
323449, 0, 0, 0
323454, 0, 1, 0
323461, 0, 0, 0
323467, 0, 1, 0
323474, 0, 0, 0
323480, 0, 1, 0
323487, 0, 0, 0
323493, 0, 1, 0
323500, 0, 0, 0
323505, 0, 1, 0
323513, 0, 0, 0
323518, 0, 1, 0
323525, 0, 0, 0
323531, 0, 1, 0
323538, 0, 0, 0
323544, 0, 1, 0
323551, 0, 0, 0
323557, 0, 1, 0
323564, 0, 0, 0
323569, 0, 1, 0
323577, 0, 0, 0
323582, 0, 1, 0
323589, 0, 0, 0
323595, 0, 1, 0
323602, 0, 0, 0
323608, 0, 1, 0
323615, 0, 0, 0
323621, 0, 1, 0
323628, 0, 0, 0
323633, 0, 1, 0
323641, 0, 0, 0
323646, 0, 1, 0
323653, 0, 0, 0
323659, 0, 1, 0
323666, 0, 0, 0
323672, 0, 1, 0
323679, 0, 0, 0
323685, 0, 1, 0
323692, 0, 0, 0
323697, 0, 1, 0
323705, 0, 0, 0
323710, 0, 1, 0
323717, 0, 0, 0
323723, 0, 1, 0
323730, 0, 0, 0
323736, 0, 1, 0
323743, 0, 0, 0
323749, 0, 1, 0
323756, 0, 0, 0
323762, 0, 1, 0
323769, 0, 0, 0
323774, 0, 1, 0
323781, 0, 0, 0
323787, 0, 1, 0
323794, 0, 0, 0
323800, 0, 1, 0
323807, 0, 0, 0
323813, 0, 1, 0
323820, 0, 0, 0
323826, 0, 1, 0
323833, 0, 0, 0
323838, 0, 1, 0
323845, 0, 0, 0
323851, 0, 1, 0
323858, 0, 0, 0
323864, 0, 1, 0
323871, 0, 0, 0
323877, 0, 1, 0
323884, 0, 0, 0
323890, 0, 1, 0
323897, 0, 0, 0
323902, 0, 1, 0
323909, 0, 0, 0
323915, 0, 1, 0
323922, 0, 0, 0
323928, 0, 1, 0
323935, 0, 0, 0
323941, 0, 1, 0
323948, 0, 0, 0
323954, 0, 1, 0
323961, 0, 0, 0
323966, 0, 1, 0
323973, 0, 0, 0
323979, 0, 1, 0
323986, 0, 0, 0
323992, 0, 1, 0
323999, 0, 0, 0
324005, 0, 1, 0
324012, 0, 0, 0
324018, 0, 1, 0
324025, 0, 0, 0
324030, 0, 1, 0
324037, 0, 0, 0
324043, 0, 1, 0
324050, 0, 0, 0
324056, 0, 1, 0
324063, 0, 0, 0
324069, 0, 1, 0
324076, 0, 0, 0
324082, 0, 1, 0
324089, 0, 0, 0
324094, 0, 1, 0
324101, 0, 0, 0
324107, 0, 1, 0
324114, 0, 0, 0
324120, 0, 1, 0
324127, 0, 0, 0
324133, 0, 1, 0
324140, 0, 0, 0
324146, 0, 1, 0
324153, 0, 0, 0
324158, 0, 1, 0
324165, 0, 0, 0
324171, 0, 1, 0
324178, 0, 0, 0
324184, 0, 1, 0
324191, 0, 0, 0
324197, 0, 1, 0
324204, 0, 0, 0
324210, 0, 1, 0
324217, 0, 0, 0
324222, 0, 1, 0
324229, 0, 0, 0
324235, 0, 1, 0
324242, 0, 0, 0
324248, 0, 1, 0
324255, 0, 0, 0
324261, 0, 1, 0
324268, 0, 0, 0
324274, 0, 1, 0
324281, 0, 0, 0
324286, 0, 1, 0
324293, 0, 0, 0
324299, 0, 1, 0
324306, 0, 0, 0
324312, 0, 1, 0
324319, 0, 0, 0
324325, 0, 1, 0
324332, 0, 0, 0
324338, 0, 1, 0
324345, 0, 0, 0
324350, 0, 1, 0
324357, 0, 0, 0
324363, 0, 1, 0
324370, 0, 0, 0
324376, 0, 1, 0
324383, 0, 0, 0
324389, 0, 1, 0
324396, 0, 0, 0
324402, 0, 1, 0
324409, 0, 0, 0
324414, 0, 1, 0
324421, 0, 0, 0
324427, 0, 1, 0
324434, 0, 0, 0
324440, 0, 1, 0
324447, 0, 0, 0
324453, 0, 1, 0
324460, 0, 0, 0
324466, 0, 1, 0
324473, 0, 0, 0
324478, 0, 1, 0
324485, 0, 0, 0
324491, 0, 1, 0
324498, 0, 0, 0
324504, 0, 1, 0
324511, 0, 0, 0
324517, 0, 1, 0
324524, 0, 0, 0
324530, 0, 1, 0
324537, 0, 0, 0
324542, 0, 1, 0
324549, 0, 0, 0
324555, 0, 1, 0
324562, 0, 0, 0
324568, 0, 1, 0
324575, 0, 0, 0
324581, 0, 1, 0
324588, 0, 0, 0
324594, 0, 1, 0
324601, 0, 0, 0
324606, 0, 1, 0
324613, 0, 0, 0
324619, 0, 1, 0
324626, 0, 0, 0
324632, 0, 1, 0
324639, 0, 0, 0
324645, 0, 1, 0
324652, 0, 0, 0
324658, 0, 1, 0
324665, 0, 0, 0
324670, 0, 1, 0
324677, 0, 0, 0
324683, 0, 1, 1
324690, 0, 0, 1
324695, 1, 0, 1
324696, 1, 1, 0
324703, 1, 0, 0
324709, 1, 1, 0
324716, 1, 0, 0
324722, 1, 1, 0
324729, 1, 0, 0
324734, 1, 1, 0
324741, 1, 0, 0
324747, 1, 1, 0
324754, 1, 0, 0
324760, 1, 1, 0
324767, 1, 0, 0
324772, 0, 0, 0
324773, 0, 1, 0
324780, 0, 0, 0
324785, 1, 0, 0
324786, 1, 1, 0
324793, 1, 0, 0
324798, 1, 1, 0
324805, 1, 0, 0
324811, 1, 1, 0
324818, 1, 0, 0
324824, 0, 1, 0
324831, 0, 0, 0
324837, 0, 1, 0
324844, 0, 0, 0
324850, 0, 1, 0
324857, 0, 0, 0
324862, 0, 1, 0
324869, 0, 0, 0
324875, 0, 1, 0
324882, 0, 0, 0
324887, 1, 0, 0
324888, 1, 1, 0
324895, 1, 0, 0
324900, 0, 0, 0
324901, 0, 1, 0
324908, 0, 0, 0
324914, 0, 1, 0
324921, 0, 0, 0
324926, 0, 1, 0
324933, 0, 0, 0
324939, 0, 1, 0
324946, 0, 0, 0
324952, 0, 1, 0
324959, 0, 0, 0
324965, 0, 1, 0
324972, 0, 0, 0
324978, 0, 1, 0
324985, 0, 0, 0
324990, 0, 1, 0
324997, 0, 0, 0
325003, 0, 1, 0
325010, 0, 0, 0
325016, 0, 1, 0
325023, 0, 0, 0
325029, 0, 1, 0
325036, 0, 0, 0
325042, 0, 1, 0
325049, 0, 0, 0
325054, 0, 1, 0
325061, 0, 0, 0
325067, 0, 1, 0
325074, 0, 0, 0
325080, 0, 1, 0
325087, 0, 0, 0
325093, 0, 1, 0
325100, 0, 0, 0
325106, 0, 1, 0
325113, 0, 0, 0
325118, 0, 1, 0
325125, 0, 0, 0
325131, 0, 1, 0
325138, 0, 0, 0
325144, 0, 1, 0
325151, 0, 0, 0
325157, 0, 1, 0
325164, 0, 0, 0
325170, 0, 1, 0
325177, 0, 0, 0
325182, 0, 1, 0
325189, 0, 0, 0
325195, 0, 1, 0
325202, 0, 0, 0
325208, 0, 1, 0
325215, 0, 0, 0
325221, 0, 1, 0
325228, 0, 0, 0
325234, 0, 1, 0
325241, 0, 0, 0
325246, 0, 1, 0
325253, 0, 0, 0
325259, 0, 1, 0
325266, 0, 0, 0
325272, 0, 1, 0
325279, 0, 0, 0
325285, 0, 1, 0
325292, 0, 0, 0
325298, 0, 1, 0
325305, 0, 0, 0
325310, 0, 1, 0
325317, 0, 0, 0
325323, 0, 1, 0
325330, 0, 0, 0
325336, 0, 1, 0
325343, 0, 0, 0
325349, 0, 1, 0
325356, 0, 0, 0
325362, 0, 1, 0
325369, 0, 0, 0
325374, 0, 1, 0
325381, 0, 0, 0
325387, 0, 1, 0
325394, 0, 0, 0
325400, 0, 1, 0
325407, 0, 0, 0
325413, 0, 1, 0
325420, 0, 0, 0
325426, 0, 1, 0
325433, 0, 0, 0
325438, 0, 1, 0
325445, 0, 0, 0
325451, 0, 1, 0
325458, 0, 0, 0
325464, 0, 1, 0
325471, 0, 0, 0
325477, 0, 1, 0
325484, 0, 0, 0
325490, 0, 1, 0
325497, 0, 0, 0
325502, 0, 1, 0
325509, 0, 0, 0
325515, 0, 1, 0
325522, 0, 0, 0
325528, 0, 1, 0
325535, 0, 0, 0
325541, 0, 1, 0
325548, 0, 0, 0
325554, 0, 1, 0
325561, 0, 0, 0
325566, 0, 1, 0
325573, 0, 0, 0
325579, 0, 1, 0
325586, 0, 0, 0
325592, 0, 1, 0
325599, 0, 0, 0
325605, 0, 1, 0
325612, 0, 0, 0
325618, 0, 1, 0
325625, 0, 0, 0
325630, 0, 1, 0
325637, 0, 0, 0
325643, 0, 1, 0
325650, 0, 0, 0
325656, 0, 1, 0
325663, 0, 0, 0
325669, 0, 1, 0
325676, 0, 0, 0
325682, 0, 1, 0
325689, 0, 0, 0
325694, 0, 1, 0
325701, 0, 0, 0
325707, 0, 1, 0
325714, 0, 0, 0
325720, 0, 1, 0
325727, 0, 0, 0
325733, 0, 1, 0
325740, 0, 0, 0
325746, 0, 1, 0
325753, 0, 0, 0
325758, 0, 1, 0
325765, 0, 0, 0
325771, 0, 1, 0
325778, 0, 0, 0
325784, 0, 1, 0
325791, 0, 0, 0
325797, 0, 1, 0
325804, 0, 0, 0
325810, 0, 1, 0
325817, 0, 0, 0
325822, 0, 1, 0
325829, 0, 0, 0
325835, 0, 1, 0
325842, 0, 0, 0
325848, 0, 1, 0
325855, 0, 0, 0
325861, 0, 1, 0
325868, 0, 0, 0
325874, 0, 1, 0
325881, 0, 0, 0
325886, 0, 1, 0
325893, 0, 0, 0
325899, 0, 1, 0
325906, 0, 0, 0
325912, 0, 1, 0
325919, 0, 0, 0
325925, 0, 1, 0
325932, 0, 0, 0
325938, 0, 1, 0
325945, 0, 0, 0
325950, 0, 1, 0
325957, 0, 0, 0
325963, 0, 1, 0
325970, 0, 0, 0
325976, 0, 1, 0
325983, 0, 0, 0
325989, 0, 1, 0
325996, 0, 0, 0
326002, 0, 1, 0
326009, 0, 0, 0
326014, 0, 1, 0
326021, 0, 0, 0
326027, 0, 1, 0
326034, 0, 0, 0
326040, 0, 1, 0
326047, 0, 0, 0
326053, 0, 1, 0
326060, 0, 0, 0
326066, 0, 1, 0
326073, 0, 0, 0
326078, 0, 1, 0
326085, 0, 0, 0
326091, 0, 1, 0
326098, 0, 0, 0
326104, 0, 1, 0
326111, 0, 0, 0
326117, 0, 1, 0
326124, 0, 0, 0
326130, 0, 1, 0
326137, 0, 0, 0
326142, 0, 1, 0
326149, 0, 0, 0
326155, 0, 1, 0
326162, 0, 0, 0
326168, 0, 1, 0
326175, 0, 0, 0
326181, 0, 1, 0
326188, 0, 0, 0
326194, 0, 1, 0
326201, 0, 0, 0
326206, 0, 1, 0
326213, 0, 0, 0
326219, 0, 1, 0
326226, 0, 0, 0
326232, 0, 1, 0
326239, 0, 0, 0
326245, 0, 1, 0
326252, 0, 0, 0
326258, 0, 1, 0
326265, 0, 0, 0
326270, 0, 1, 0
326277, 0, 0, 0
326283, 0, 1, 0
326290, 0, 0, 0
326296, 0, 1, 0
326303, 0, 0, 0
326309, 0, 1, 0
326316, 0, 0, 0
326321, 0, 0, 1
326322, 0, 1, 1
326329, 0, 0, 1
326334, 1, 1, 0
326341, 1, 0, 0
326347, 1, 1, 0
326354, 1, 0, 0
326360, 1, 1, 0
326367, 1, 0, 0
326373, 1, 1, 0
326380, 1, 0, 0
326386, 1, 1, 0
326393, 1, 0, 0
326398, 1, 1, 0
326405, 1, 0, 0
326411, 0, 1, 0
326418, 0, 0, 0
326424, 1, 1, 0
326431, 1, 0, 0
326437, 1, 1, 0
326444, 1, 0, 0
326450, 1, 1, 0
326457, 1, 0, 0
326462, 0, 1, 0
326469, 0, 0, 0
326475, 0, 1, 0
326482, 0, 0, 0
326488, 0, 1, 0
326495, 0, 0, 0
326501, 0, 1, 0
326508, 0, 0, 0
326514, 0, 1, 0
326521, 0, 0, 0
326526, 1, 1, 0
326533, 1, 0, 0
326539, 0, 1, 0
326546, 0, 0, 0
326552, 0, 1, 0
326559, 0, 0, 0
326565, 0, 1, 0
326572, 0, 0, 0
326578, 0, 1, 0
326585, 0, 0, 0
326590, 0, 1, 0
326597, 0, 0, 0
326603, 0, 1, 0
326610, 0, 0, 0
326616, 0, 1, 0
326623, 0, 0, 0
326629, 0, 1, 0
326636, 0, 0, 0
326642, 0, 1, 0
326649, 0, 0, 0
326654, 0, 1, 0
326661, 0, 0, 0
326667, 0, 1, 0
326674, 0, 0, 0
326680, 0, 1, 0
326687, 0, 0, 0
326693, 0, 1, 0
326700, 0, 0, 0
326706, 0, 1, 0
326713, 0, 0, 0
326718, 0, 1, 0
326725, 0, 0, 0
326731, 0, 1, 0
326738, 0, 0, 0
326744, 0, 1, 0
326751, 0, 0, 0
326757, 0, 1, 0
326764, 0, 0, 0
326770, 0, 1, 0
326777, 0, 0, 0
326782, 0, 1, 0
326789, 0, 0, 0
326795, 0, 1, 0
326802, 0, 0, 0
326808, 0, 1, 0
326815, 0, 0, 0
326821, 0, 1, 0
326828, 0, 0, 0
326834, 0, 1, 0
326841, 0, 0, 0
326846, 0, 1, 0
326853, 0, 0, 0
326859, 0, 1, 0
326866, 0, 0, 0
326872, 0, 1, 0
326879, 0, 0, 0
326885, 0, 1, 0
326892, 0, 0, 0
326898, 0, 1, 0
326905, 0, 0, 0
326910, 0, 1, 0
326917, 0, 0, 0
326923, 0, 1, 0
326930, 0, 0, 0
326936, 0, 1, 0
326943, 0, 0, 0
326949, 0, 1, 0
326956, 0, 0, 0
326962, 0, 1, 0
326969, 0, 0, 0
326974, 0, 1, 0
326981, 0, 0, 0
326987, 0, 1, 0
326994, 0, 0, 0
327000, 0, 1, 0
327007, 0, 0, 0
327013, 0, 1, 0
327020, 0, 0, 0
327026, 0, 1, 0
327033, 0, 0, 0
327038, 0, 1, 0
327045, 0, 0, 0
327051, 0, 1, 0
327058, 0, 0, 0
327064, 0, 1, 0
327071, 0, 0, 0
327077, 0, 1, 0
327084, 0, 0, 0
327090, 0, 1, 0
327097, 0, 0, 0
327102, 0, 1, 0
327109, 0, 0, 0
327115, 0, 1, 0
327122, 0, 0, 0
327128, 0, 1, 0
327135, 0, 0, 0
327141, 0, 1, 0
327148, 0, 0, 0
327154, 0, 1, 0
327161, 0, 0, 0
327166, 0, 1, 0
327173, 0, 0, 0
327179, 0, 1, 0
327186, 0, 0, 0
327192, 0, 1, 0
327199, 0, 0, 0
327205, 0, 1, 0
327212, 0, 0, 0
327218, 0, 1, 0
327225, 0, 0, 0
327230, 0, 1, 0
327237, 0, 0, 0
327243, 0, 1, 0
327250, 0, 0, 0
327256, 0, 1, 0
327263, 0, 0, 0
327269, 0, 1, 0
327276, 0, 0, 0
327282, 0, 1, 0
327289, 0, 0, 0
327294, 0, 1, 0
327301, 0, 0, 0
327307, 0, 1, 0
327314, 0, 0, 0
327320, 0, 1, 0
327327, 0, 0, 0
327333, 0, 1, 0
327340, 0, 0, 0
327346, 0, 1, 0
327353, 0, 0, 0
327358, 0, 1, 0
327365, 0, 0, 0
327371, 0, 1, 0
327378, 0, 0, 0
327384, 0, 1, 0
327391, 0, 0, 0
327397, 0, 1, 0
327404, 0, 0, 0
327410, 0, 1, 0
327417, 0, 0, 0
327422, 0, 1, 0
327429, 0, 0, 0
327435, 0, 1, 0
327442, 0, 0, 0
327448, 0, 1, 0
327455, 0, 0, 0
327461, 0, 1, 0
327468, 0, 0, 0
327474, 0, 1, 0
327481, 0, 0, 0
327486, 0, 1, 0
327493, 0, 0, 0
327499, 0, 1, 0
327506, 0, 0, 0
327512, 0, 1, 0
327519, 0, 0, 0
327525, 0, 1, 0
327532, 0, 0, 0
327538, 0, 1, 0
327545, 0, 0, 0
327550, 0, 1, 0
327557, 0, 0, 0
327563, 0, 1, 0
327570, 0, 0, 0
327576, 0, 1, 0
327583, 0, 0, 0
327589, 0, 1, 0
327596, 0, 0, 0
327602, 0, 1, 0
327609, 0, 0, 0
327614, 0, 1, 0
327621, 0, 0, 0
327627, 0, 1, 0
327634, 0, 0, 0
327640, 0, 1, 0
327647, 0, 0, 0
327653, 0, 1, 0
327660, 0, 0, 0
327666, 0, 1, 0
327673, 0, 0, 0
327678, 0, 1, 0
327685, 0, 0, 0
327691, 0, 1, 0
327698, 0, 0, 0
327704, 0, 1, 0
327711, 0, 0, 0
327717, 0, 1, 0
327724, 0, 0, 0
327730, 0, 1, 0
327737, 0, 0, 0
327742, 0, 1, 0
327749, 0, 0, 0
327755, 0, 1, 0
327762, 0, 0, 0
327768, 0, 1, 0
327775, 0, 0, 0
327781, 0, 1, 0
327788, 0, 0, 0
327794, 0, 1, 0
327801, 0, 0, 0
327806, 0, 1, 0
327813, 0, 0, 0
327819, 0, 1, 0
327826, 0, 0, 0
327832, 0, 1, 0
327839, 0, 0, 0
327845, 0, 1, 0
327852, 0, 0, 0
327858, 0, 1, 0
327865, 0, 0, 0
327870, 0, 1, 0
327877, 0, 0, 0
327883, 0, 1, 0
327890, 0, 0, 0
327896, 0, 1, 0
327903, 0, 0, 0
327909, 0, 1, 0
327916, 0, 0, 0
327922, 0, 1, 0
327929, 0, 0, 0
327934, 0, 1, 0
327941, 0, 0, 0
327947, 0, 1, 0
327954, 0, 0, 0
327960, 0, 1, 1
327967, 0, 0, 1
327972, 1, 0, 1
327973, 1, 1, 0
327980, 1, 0, 0
327986, 1, 1, 0
327993, 1, 0, 0
327998, 1, 1, 0
328005, 1, 0, 0
328011, 1, 1, 0
328018, 1, 0, 0
328024, 1, 1, 0
328031, 1, 0, 0
328037, 1, 1, 0
328044, 1, 0, 0
328049, 0, 0, 0
328050, 0, 1, 0
328057, 0, 0, 0
328062, 1, 1, 0
328070, 1, 0, 0
328075, 1, 1, 0
328082, 1, 0, 0
328088, 1, 1, 0
328095, 1, 0, 0
328100, 0, 0, 0
328101, 0, 1, 0
328108, 0, 0, 0
328114, 0, 1, 0
328121, 0, 0, 0
328126, 0, 1, 0
328134, 0, 0, 0
328139, 0, 1, 0
328146, 0, 0, 0
328152, 0, 1, 0
328159, 0, 0, 0
328164, 1, 0, 0
328165, 1, 1, 0
328172, 1, 0, 0
328177, 0, 0, 0
328178, 0, 1, 0
328185, 0, 0, 0
328190, 0, 1, 0
328198, 0, 0, 0
328203, 0, 1, 0
328210, 0, 0, 0
328216, 0, 1, 0
328223, 0, 0, 0
328229, 0, 1, 0
328236, 0, 0, 0
328242, 0, 1, 0
328249, 0, 0, 0
328254, 0, 1, 0
328262, 0, 0, 0
328267, 0, 1, 0
328274, 0, 0, 0
328280, 0, 1, 0
328287, 0, 0, 0
328293, 0, 1, 0
328300, 0, 0, 0
328306, 0, 1, 0
328313, 0, 0, 0
328318, 0, 1, 0
328326, 0, 0, 0
328331, 0, 1, 0
328338, 0, 0, 0
328344, 0, 1, 0
328351, 0, 0, 0
328357, 0, 1, 0
328364, 0, 0, 0
328370, 0, 1, 0
328377, 0, 0, 0
328382, 0, 1, 0
328390, 0, 0, 0
328395, 0, 1, 0
328402, 0, 0, 0
328408, 0, 1, 0
328415, 0, 0, 0
328421, 0, 1, 0
328428, 0, 0, 0
328434, 0, 1, 0
328441, 0, 0, 0
328446, 0, 1, 0
328454, 0, 0, 0
328459, 0, 1, 0
328466, 0, 0, 0
328472, 0, 1, 0
328479, 0, 0, 0
328485, 0, 1, 0
328492, 0, 0, 0
328498, 0, 1, 0
328505, 0, 0, 0
328510, 0, 1, 0
328518, 0, 0, 0
328523, 0, 1, 0
328530, 0, 0, 0
328536, 0, 1, 0
328543, 0, 0, 0
328549, 0, 1, 0
328556, 0, 0, 0
328562, 0, 1, 0
328569, 0, 0, 0
328574, 0, 1, 0
328582, 0, 0, 0
328587, 0, 1, 0
328594, 0, 0, 0
328600, 0, 1, 0
328607, 0, 0, 0
328613, 0, 1, 0
328620, 0, 0, 0
328626, 0, 1, 0
328633, 0, 0, 0
328638, 0, 1, 0
328646, 0, 0, 0
328651, 0, 1, 0
328658, 0, 0, 0
328664, 0, 1, 0
328671, 0, 0, 0
328677, 0, 1, 0
328684, 0, 0, 0
328690, 0, 1, 0
328697, 0, 0, 0
328703, 0, 1, 0
328710, 0, 0, 0
328715, 0, 1, 0
328722, 0, 0, 0
328728, 0, 1, 0
328735, 0, 0, 0
328741, 0, 1, 0
328748, 0, 0, 0
328754, 0, 1, 0
328761, 0, 0, 0
328767, 0, 1, 0
328774, 0, 0, 0
328779, 0, 1, 0
328786, 0, 0, 0
328792, 0, 1, 0
328799, 0, 0, 0
328805, 0, 1, 0
328812, 0, 0, 0
328818, 0, 1, 0
328825, 0, 0, 0
328831, 0, 1, 0
328838, 0, 0, 0
328843, 0, 1, 0
328850, 0, 0, 0
328856, 0, 1, 0
328863, 0, 0, 0
328869, 0, 1, 0
328876, 0, 0, 0
328882, 0, 1, 0
328889, 0, 0, 0
328895, 0, 1, 0
328902, 0, 0, 0
328907, 0, 1, 0
328914, 0, 0, 0
328920, 0, 1, 0
328927, 0, 0, 0
328933, 0, 1, 0
328940, 0, 0, 0
328946, 0, 1, 0
328953, 0, 0, 0
328959, 0, 1, 0
328966, 0, 0, 0
328971, 0, 1, 0
328978, 0, 0, 0
328984, 0, 1, 0
328991, 0, 0, 0
328997, 0, 1, 0
329004, 0, 0, 0
329010, 0, 1, 0
329017, 0, 0, 0
329023, 0, 1, 0
329030, 0, 0, 0
329035, 0, 1, 0
329042, 0, 0, 0
329048, 0, 1, 0
329055, 0, 0, 0
329061, 0, 1, 0
329068, 0, 0, 0
329074, 0, 1, 0
329081, 0, 0, 0
329087, 0, 1, 0
329094, 0, 0, 0
329099, 0, 1, 0
329106, 0, 0, 0
329112, 0, 1, 0
329119, 0, 0, 0
329125, 0, 1, 0
329132, 0, 0, 0
329138, 0, 1, 0
329145, 0, 0, 0
329151, 0, 1, 0
329158, 0, 0, 0
329163, 0, 1, 0
329170, 0, 0, 0
329176, 0, 1, 0
329183, 0, 0, 0
329189, 0, 1, 0
329196, 0, 0, 0
329202, 0, 1, 0
329209, 0, 0, 0
329215, 0, 1, 0
329222, 0, 0, 0
329227, 0, 1, 0
329234, 0, 0, 0
329240, 0, 1, 0
329247, 0, 0, 0
329253, 0, 1, 0
329260, 0, 0, 0
329266, 0, 1, 0
329273, 0, 0, 0
329279, 0, 1, 0
329286, 0, 0, 0
329291, 0, 1, 0
329298, 0, 0, 0
329304, 0, 1, 0
329311, 0, 0, 0
329317, 0, 1, 0
329324, 0, 0, 0
329330, 0, 1, 0
329337, 0, 0, 0
329343, 0, 1, 0
329350, 0, 0, 0
329355, 0, 1, 0
329362, 0, 0, 0
329368, 0, 1, 0
329375, 0, 0, 0
329381, 0, 1, 0
329388, 0, 0, 0
329394, 0, 1, 0
329401, 0, 0, 0
329407, 0, 1, 0
329414, 0, 0, 0
329419, 0, 1, 0
329426, 0, 0, 0
329432, 0, 1, 0
329439, 0, 0, 0
329445, 0, 1, 0
329452, 0, 0, 0
329458, 0, 1, 0
329465, 0, 0, 0
329471, 0, 1, 0
329478, 0, 0, 0
329483, 0, 1, 0
329490, 0, 0, 0
329496, 0, 1, 0
329503, 0, 0, 0
329509, 0, 1, 0
329516, 0, 0, 0
329522, 0, 1, 0
329529, 0, 0, 0
329535, 0, 1, 0
329542, 0, 0, 0
329547, 0, 1, 0
329554, 0, 0, 0
329560, 0, 1, 0
329567, 0, 0, 0
329573, 0, 1, 0
329580, 0, 0, 0
329586, 0, 1, 0
329593, 0, 0, 0
329598, 0, 0, 1
329599, 0, 1, 1
329606, 0, 0, 1
329611, 1, 1, 0
329618, 1, 0, 0
329624, 1, 1, 0
329631, 1, 0, 0
329637, 1, 1, 0
329644, 1, 0, 0
329650, 1, 1, 0
329657, 1, 0, 0
329663, 1, 1, 0
329670, 1, 0, 0
329675, 1, 1, 0
329682, 1, 0, 0
329688, 0, 1, 0
329695, 0, 0, 0
329700, 1, 0, 0
329701, 1, 1, 0
329708, 1, 0, 0
329714, 1, 1, 0
329721, 1, 0, 0
329727, 1, 1, 0
329734, 1, 0, 0
329739, 0, 1, 0
329746, 0, 0, 0
329752, 0, 1, 0
329759, 0, 0, 0
329765, 0, 1, 0
329772, 0, 0, 0
329778, 0, 1, 0
329785, 0, 0, 0
329791, 0, 1, 0
329798, 0, 0, 0
329803, 1, 1, 0
329810, 1, 0, 0
329816, 0, 1, 0
329823, 0, 0, 0
329829, 0, 1, 0
329836, 0, 0, 0
329842, 0, 1, 0
329849, 0, 0, 0
329855, 0, 1, 0
329862, 0, 0, 0
329867, 0, 1, 0
329874, 0, 0, 0
329880, 0, 1, 0
329887, 0, 0, 0
329893, 0, 1, 0
329900, 0, 0, 0
329906, 0, 1, 0
329913, 0, 0, 0
329919, 0, 1, 0
329926, 0, 0, 0
329931, 0, 1, 0
329938, 0, 0, 0
329944, 0, 1, 0
329951, 0, 0, 0
329957, 0, 1, 0
329964, 0, 0, 0
329970, 0, 1, 0
329977, 0, 0, 0
329983, 0, 1, 0
329990, 0, 0, 0
329995, 0, 1, 0
330002, 0, 0, 0
330008, 0, 1, 0
330015, 0, 0, 0
330021, 0, 1, 0
330028, 0, 0, 0
330034, 0, 1, 0
330041, 0, 0, 0
330047, 0, 1, 0
330054, 0, 0, 0
330059, 0, 1, 0
330066, 0, 0, 0
330072, 0, 1, 0
330079, 0, 0, 0
330085, 0, 1, 0
330092, 0, 0, 0
330098, 0, 1, 0
330105, 0, 0, 0
330111, 0, 1, 0
330118, 0, 0, 0
330123, 0, 1, 0
330130, 0, 0, 0
330136, 0, 1, 0
330143, 0, 0, 0
330149, 0, 1, 0
330156, 0, 0, 0
330162, 0, 1, 0
330169, 0, 0, 0
330175, 0, 1, 0
330182, 0, 0, 0
330187, 0, 1, 0
330194, 0, 0, 0
330200, 0, 1, 0
330207, 0, 0, 0
330213, 0, 1, 0
330220, 0, 0, 0
330226, 0, 1, 0
330233, 0, 0, 0
330239, 0, 1, 0
330246, 0, 0, 0
330251, 0, 1, 0
330258, 0, 0, 0
330264, 0, 1, 0
330271, 0, 0, 0
330277, 0, 1, 0
330284, 0, 0, 0
330290, 0, 1, 0
330297, 0, 0, 0
330303, 0, 1, 0
330310, 0, 0, 0
330315, 0, 1, 0
330322, 0, 0, 0
330328, 0, 1, 0
330335, 0, 0, 0
330341, 0, 1, 0
330348, 0, 0, 0
330354, 0, 1, 0
330361, 0, 0, 0
330367, 0, 1, 0
330374, 0, 0, 0
330379, 0, 1, 0
330386, 0, 0, 0
330392, 0, 1, 0
330399, 0, 0, 0
330405, 0, 1, 0
330412, 0, 0, 0
330418, 0, 1, 0
330425, 0, 0, 0
330431, 0, 1, 0
330438, 0, 0, 0
330443, 0, 1, 0
330450, 0, 0, 0
330456, 0, 1, 0
330463, 0, 0, 0
330469, 0, 1, 0
330476, 0, 0, 0
330482, 0, 1, 0
330489, 0, 0, 0
330495, 0, 1, 0
330502, 0, 0, 0
330507, 0, 1, 0
330514, 0, 0, 0
330520, 0, 1, 0
330527, 0, 0, 0
330533, 0, 1, 0
330540, 0, 0, 0
330546, 0, 1, 0
330553, 0, 0, 0
330559, 0, 1, 0
330566, 0, 0, 0
330571, 0, 1, 0
330578, 0, 0, 0
330584, 0, 1, 0
330591, 0, 0, 0
330597, 0, 1, 0
330604, 0, 0, 0
330610, 0, 1, 0
330617, 0, 0, 0
330623, 0, 1, 0
330630, 0, 0, 0
330635, 0, 1, 0
330642, 0, 0, 0
330648, 0, 1, 0
330655, 0, 0, 0
330661, 0, 1, 0
330668, 0, 0, 0
330674, 0, 1, 0
330681, 0, 0, 0
330687, 0, 1, 0
330694, 0, 0, 0
330699, 0, 1, 0
330706, 0, 0, 0
330712, 0, 1, 0
330719, 0, 0, 0
330725, 0, 1, 0
330732, 0, 0, 0
330738, 0, 1, 0
330745, 0, 0, 0
330751, 0, 1, 0
330758, 0, 0, 0
330763, 0, 1, 0
330770, 0, 0, 0
330776, 0, 1, 0
330783, 0, 0, 0
330789, 0, 1, 0
330796, 0, 0, 0
330802, 0, 1, 0
330809, 0, 0, 0
330815, 0, 1, 0
330822, 0, 0, 0
330827, 0, 1, 0
330834, 0, 0, 0
330840, 0, 1, 0
330847, 0, 0, 0
330853, 0, 1, 0
330860, 0, 0, 0
330866, 0, 1, 0
330873, 0, 0, 0
330879, 0, 1, 0
330886, 0, 0, 0
330891, 0, 1, 0
330898, 0, 0, 0
330904, 0, 1, 0
330911, 0, 0, 0
330917, 0, 1, 0
330924, 0, 0, 0
330930, 0, 1, 0
330937, 0, 0, 0
330943, 0, 1, 0
330950, 0, 0, 0
330955, 0, 1, 0
330962, 0, 0, 0
330968, 0, 1, 0
330975, 0, 0, 0
330981, 0, 1, 0
330988, 0, 0, 0
330994, 0, 1, 0
331001, 0, 0, 0
331007, 0, 1, 0
331014, 0, 0, 0
331019, 0, 1, 0
331026, 0, 0, 0
331032, 0, 1, 0
331039, 0, 0, 0
331045, 0, 1, 0
331052, 0, 0, 0
331058, 0, 1, 0
331065, 0, 0, 0
331071, 0, 1, 0
331078, 0, 0, 0
331083, 0, 1, 0
331090, 0, 0, 0
331096, 0, 1, 0
331103, 0, 0, 0
331109, 0, 1, 0
331116, 0, 0, 0
331122, 0, 1, 0
331129, 0, 0, 0
331135, 0, 1, 0
331142, 0, 0, 0
331147, 0, 1, 0
331154, 0, 0, 0
331160, 0, 1, 0
331167, 0, 0, 0
331173, 0, 1, 0
331180, 0, 0, 0
331186, 0, 1, 0
331193, 0, 0, 0
331199, 0, 1, 0
331206, 0, 0, 0
331211, 0, 1, 0
331218, 0, 0, 0
331224, 0, 1, 0
331231, 0, 0, 0
331237, 0, 1, 1
331244, 0, 0, 1
331249, 1, 0, 1
331250, 1, 1, 0
331257, 1, 0, 0
331263, 1, 1, 0
331270, 1, 0, 0
331275, 1, 1, 0
331282, 1, 0, 0
331288, 1, 1, 0
331295, 1, 0, 0
331301, 1, 1, 0
331308, 1, 0, 0
331314, 1, 1, 0
331321, 1, 0, 0
331326, 0, 0, 0
331327, 0, 1, 0
331334, 0, 0, 0
331339, 1, 1, 0
331346, 1, 0, 0
331352, 1, 1, 0
331359, 1, 0, 0
331365, 1, 1, 0
331372, 1, 0, 0
331377, 0, 0, 0
331378, 0, 1, 0
331385, 0, 0, 0
331391, 0, 1, 0
331398, 0, 0, 0
331403, 0, 1, 0
331410, 0, 0, 0
331416, 0, 1, 0
331423, 0, 0, 0
331429, 0, 1, 0
331436, 0, 0, 0
331441, 1, 0, 0
331442, 1, 1, 0
331449, 1, 0, 0
331454, 0, 0, 0
331455, 0, 1, 0
331462, 0, 0, 0
331467, 0, 1, 0
331474, 0, 0, 0
331480, 0, 1, 0
331487, 0, 0, 0
331493, 0, 1, 0
331500, 0, 0, 0
331506, 0, 1, 0
331513, 0, 0, 0
331519, 0, 1, 0
331526, 0, 0, 0
331531, 0, 1, 0
331538, 0, 0, 0
331544, 0, 1, 0
331551, 0, 0, 0
331557, 0, 1, 0
331564, 0, 0, 0
331570, 0, 1, 0
331577, 0, 0, 0
331583, 0, 1, 0
331590, 0, 0, 0
331595, 0, 1, 0
331602, 0, 0, 0
331608, 0, 1, 0
331615, 0, 0, 0
331621, 0, 1, 0
331628, 0, 0, 0
331634, 0, 1, 0
331641, 0, 0, 0
331647, 0, 1, 0
331654, 0, 0, 0
331659, 0, 1, 0
331666, 0, 0, 0
331672, 0, 1, 0
331679, 0, 0, 0
331685, 0, 1, 0
331692, 0, 0, 0
331698, 0, 1, 0
331705, 0, 0, 0
331711, 0, 1, 0
331718, 0, 0, 0
331723, 0, 1, 0
331730, 0, 0, 0
331736, 0, 1, 0
331743, 0, 0, 0
331749, 0, 1, 0
331756, 0, 0, 0
331762, 0, 1, 0
331769, 0, 0, 0
331775, 0, 1, 0
331782, 0, 0, 0
331787, 0, 1, 0
331794, 0, 0, 0
331800, 0, 1, 0
331807, 0, 0, 0
331813, 0, 1, 0
331820, 0, 0, 0
331826, 0, 1, 0
331833, 0, 0, 0
331839, 0, 1, 0
331846, 0, 0, 0
331851, 0, 1, 0
331858, 0, 0, 0
331864, 0, 1, 0
331871, 0, 0, 0
331877, 0, 1, 0
331884, 0, 0, 0
331890, 0, 1, 0
331897, 0, 0, 0
331903, 0, 1, 0
331910, 0, 0, 0
331915, 0, 1, 0
331922, 0, 0, 0
331928, 0, 1, 0
331935, 0, 0, 0
331941, 0, 1, 0
331948, 0, 0, 0
331954, 0, 1, 0
331961, 0, 0, 0
331967, 0, 1, 0
331974, 0, 0, 0
331979, 0, 1, 0
331986, 0, 0, 0
331992, 0, 1, 0
331999, 0, 0, 0
332005, 0, 1, 0
332012, 0, 0, 0
332018, 0, 1, 0
332025, 0, 0, 0
332031, 0, 1, 0
332038, 0, 0, 0
332043, 0, 1, 0
332050, 0, 0, 0
332056, 0, 1, 0
332063, 0, 0, 0
332069, 0, 1, 0
332076, 0, 0, 0
332082, 0, 1, 0
332089, 0, 0, 0
332095, 0, 1, 0
332102, 0, 0, 0
332107, 0, 1, 0
332114, 0, 0, 0
332120, 0, 1, 0
332127, 0, 0, 0
332133, 0, 1, 0
332140, 0, 0, 0
332146, 0, 1, 0
332153, 0, 0, 0
332159, 0, 1, 0
332166, 0, 0, 0
332171, 0, 1, 0
332178, 0, 0, 0
332184, 0, 1, 0
332191, 0, 0, 0
332197, 0, 1, 0
332204, 0, 0, 0
332210, 0, 1, 0
332217, 0, 0, 0
332223, 0, 1, 0
332230, 0, 0, 0
332235, 0, 1, 0
332242, 0, 0, 0
332248, 0, 1, 0
332255, 0, 0, 0
332261, 0, 1, 0
332268, 0, 0, 0
332274, 0, 1, 0
332281, 0, 0, 0
332287, 0, 1, 0
332294, 0, 0, 0
332299, 0, 1, 0
332306, 0, 0, 0
332312, 0, 1, 0
332319, 0, 0, 0
332325, 0, 1, 0
332332, 0, 0, 0
332338, 0, 1, 0
332345, 0, 0, 0
332351, 0, 1, 0
332358, 0, 0, 0
332363, 0, 1, 0
332370, 0, 0, 0
332376, 0, 1, 0
332383, 0, 0, 0
332389, 0, 1, 0
332396, 0, 0, 0
332402, 0, 1, 0
332409, 0, 0, 0
332415, 0, 1, 0
332422, 0, 0, 0
332427, 0, 1, 0
332434, 0, 0, 0
332440, 0, 1, 0
332447, 0, 0, 0
332453, 0, 1, 0
332460, 0, 0, 0
332466, 0, 1, 0
332473, 0, 0, 0
332479, 0, 1, 0
332486, 0, 0, 0
332491, 0, 1, 0
332498, 0, 0, 0
332504, 0, 1, 0
332511, 0, 0, 0
332517, 0, 1, 0
332524, 0, 0, 0
332530, 0, 1, 0
332537, 0, 0, 0
332543, 0, 1, 0
332550, 0, 0, 0
332555, 0, 1, 0
332562, 0, 0, 0
332568, 0, 1, 0
332575, 0, 0, 0
332581, 0, 1, 0
332588, 0, 0, 0
332594, 0, 1, 0
332601, 0, 0, 0
332607, 0, 1, 0
332614, 0, 0, 0
332619, 0, 1, 0
332626, 0, 0, 0
332632, 0, 1, 0
332639, 0, 0, 0
332645, 0, 1, 0
332652, 0, 0, 0
332658, 0, 1, 0
332665, 0, 0, 0
332671, 0, 1, 0
332678, 0, 0, 0
332683, 0, 1, 0
332690, 0, 0, 0
332696, 0, 1, 0
332703, 0, 0, 0
332709, 0, 1, 0
332716, 0, 0, 0
332722, 0, 1, 0
332729, 0, 0, 0
332735, 0, 1, 0
332742, 0, 0, 0
332747, 0, 1, 0
332754, 0, 0, 0
332760, 0, 1, 0
332767, 0, 0, 0
332773, 0, 1, 0
332780, 0, 0, 0
332786, 0, 1, 0
332793, 0, 0, 0
332799, 0, 1, 0
332806, 0, 0, 0
332811, 0, 1, 0
332818, 0, 0, 0
332824, 0, 1, 0
332831, 0, 0, 0
332837, 0, 1, 0
332844, 0, 0, 0
332850, 0, 1, 0
332857, 0, 0, 0
332863, 0, 1, 0
332870, 0, 0, 0
332875, 0, 1, 1
332882, 0, 0, 1
332888, 1, 1, 0
332895, 1, 0, 0
332901, 1, 1, 0
332908, 1, 0, 0
332914, 1, 1, 0
332921, 1, 0, 0
332927, 1, 1, 0
332934, 1, 0, 0
332939, 1, 1, 0
332946, 1, 0, 0
332952, 1, 1, 0
332959, 1, 0, 0
332965, 0, 1, 0
332972, 0, 0, 0
332977, 1, 0, 0
332978, 1, 1, 0
332985, 1, 0, 0
332991, 1, 1, 0
332998, 1, 0, 0
333003, 1, 1, 0
333011, 1, 0, 0
333016, 0, 1, 0
333023, 0, 0, 0
333029, 0, 1, 0
333036, 0, 0, 0
333042, 0, 1, 0
333049, 0, 0, 0
333055, 0, 1, 0
333062, 0, 0, 0
333067, 0, 1, 0
333075, 0, 0, 0
333080, 1, 1, 0
333087, 1, 0, 0
333093, 0, 1, 0
333100, 0, 0, 0
333106, 0, 1, 0
333113, 0, 0, 0
333119, 0, 1, 0
333126, 0, 0, 0
333131, 0, 1, 0
333139, 0, 0, 0
333144, 0, 1, 0
333151, 0, 0, 0
333157, 0, 1, 0
333164, 0, 0, 0
333170, 0, 1, 0
333177, 0, 0, 0
333183, 0, 1, 0
333190, 0, 0, 0
333195, 0, 1, 0
333203, 0, 0, 0
333208, 0, 1, 0
333215, 0, 0, 0
333221, 0, 1, 0
333228, 0, 0, 0
333234, 0, 1, 0
333241, 0, 0, 0
333247, 0, 1, 0
333254, 0, 0, 0
333259, 0, 1, 0
333267, 0, 0, 0
333272, 0, 1, 0
333279, 0, 0, 0
333285, 0, 1, 0
333292, 0, 0, 0
333298, 0, 1, 0
333305, 0, 0, 0
333311, 0, 1, 0
333318, 0, 0, 0
333323, 0, 1, 0
333331, 0, 0, 0
333336, 0, 1, 0
333343, 0, 0, 0
333349, 0, 1, 0
333356, 0, 0, 0
333362, 0, 1, 0
333369, 0, 0, 0
333375, 0, 1, 0
333382, 0, 0, 0
333387, 0, 1, 0
333395, 0, 0, 0
333400, 0, 1, 0
333407, 0, 0, 0
333413, 0, 1, 0
333420, 0, 0, 0
333426, 0, 1, 0
333433, 0, 0, 0
333439, 0, 1, 0
333446, 0, 0, 0
333451, 0, 1, 0
333459, 0, 0, 0
333464, 0, 1, 0
333471, 0, 0, 0
333477, 0, 1, 0
333484, 0, 0, 0
333490, 0, 1, 0
333497, 0, 0, 0
333503, 0, 1, 0
333510, 0, 0, 0
333515, 0, 1, 0
333523, 0, 0, 0
333528, 0, 1, 0
333535, 0, 0, 0
333541, 0, 1, 0
333548, 0, 0, 0
333554, 0, 1, 0
333561, 0, 0, 0
333567, 0, 1, 0
333574, 0, 0, 0
333579, 0, 1, 0
333587, 0, 0, 0
333592, 0, 1, 0
333599, 0, 0, 0
333605, 0, 1, 0
333612, 0, 0, 0
333618, 0, 1, 0
333625, 0, 0, 0
333631, 0, 1, 0
333638, 0, 0, 0
333643, 0, 1, 0
333651, 0, 0, 0
333656, 0, 1, 0
333663, 0, 0, 0
333669, 0, 1, 0
333676, 0, 0, 0
333682, 0, 1, 0
333689, 0, 0, 0
333695, 0, 1, 0
333702, 0, 0, 0
333708, 0, 1, 0
333715, 0, 0, 0
333720, 0, 1, 0
333727, 0, 0, 0
333733, 0, 1, 0
333740, 0, 0, 0
333746, 0, 1, 0
333753, 0, 0, 0
333759, 0, 1, 0
333766, 0, 0, 0
333772, 0, 1, 0
333779, 0, 0, 0
333784, 0, 1, 0
333791, 0, 0, 0
333797, 0, 1, 0
333804, 0, 0, 0
333810, 0, 1, 0
333817, 0, 0, 0
333823, 0, 1, 0
333830, 0, 0, 0
333836, 0, 1, 0
333843, 0, 0, 0
333848, 0, 1, 0
333855, 0, 0, 0
333861, 0, 1, 0
333868, 0, 0, 0
333874, 0, 1, 0
333881, 0, 0, 0
333887, 0, 1, 0
333894, 0, 0, 0
333900, 0, 1, 0
333907, 0, 0, 0
333912, 0, 1, 0
333919, 0, 0, 0
333925, 0, 1, 0
333932, 0, 0, 0
333938, 0, 1, 0
333945, 0, 0, 0
333951, 0, 1, 0
333958, 0, 0, 0
333964, 0, 1, 0
333971, 0, 0, 0
333976, 0, 1, 0
333983, 0, 0, 0
333989, 0, 1, 0
333996, 0, 0, 0
334002, 0, 1, 0
334009, 0, 0, 0
334015, 0, 1, 0
334022, 0, 0, 0
334028, 0, 1, 0
334035, 0, 0, 0
334040, 0, 1, 0
334047, 0, 0, 0
334053, 0, 1, 0
334060, 0, 0, 0
334066, 0, 1, 0
334073, 0, 0, 0
334079, 0, 1, 0
334086, 0, 0, 0
334092, 0, 1, 0
334099, 0, 0, 0
334104, 0, 1, 0
334111, 0, 0, 0
334117, 0, 1, 0
334124, 0, 0, 0
334130, 0, 1, 0
334137, 0, 0, 0
334143, 0, 1, 0
334150, 0, 0, 0
334156, 0, 1, 0
334163, 0, 0, 0
334168, 0, 1, 0
334175, 0, 0, 0
334181, 0, 1, 0
334188, 0, 0, 0
334194, 0, 1, 0
334201, 0, 0, 0
334207, 0, 1, 0
334214, 0, 0, 0
334220, 0, 1, 0
334227, 0, 0, 0
334232, 0, 1, 0
334239, 0, 0, 0
334245, 0, 1, 0
334252, 0, 0, 0
334258, 0, 1, 0
334265, 0, 0, 0
334271, 0, 1, 0
334278, 0, 0, 0
334284, 0, 1, 0
334291, 0, 0, 0
334296, 0, 1, 0
334303, 0, 0, 0
334309, 0, 1, 0
334316, 0, 0, 0
334322, 0, 1, 0
334329, 0, 0, 0
334335, 0, 1, 0
334342, 0, 0, 0
334348, 0, 1, 0
334355, 0, 0, 0
334360, 0, 1, 0
334367, 0, 0, 0
334373, 0, 1, 0
334380, 0, 0, 0
334386, 0, 1, 0
334393, 0, 0, 0
334399, 0, 1, 0
334406, 0, 0, 0
334412, 0, 1, 0
334419, 0, 0, 0
334424, 0, 1, 0
334431, 0, 0, 0
334437, 0, 1, 0
334444, 0, 0, 0
334450, 0, 1, 0
334457, 0, 0, 0
334463, 0, 1, 0
334470, 0, 0, 0
334476, 0, 1, 0
334483, 0, 0, 0
334488, 0, 1, 0
334495, 0, 0, 0
334501, 0, 1, 0
334508, 0, 0, 0
334514, 0, 1, 1
334521, 0, 0, 1
334526, 1, 0, 1
334527, 1, 1, 0
334534, 1, 0, 0
334540, 1, 1, 0
334547, 1, 0, 0
334552, 1, 1, 0
334559, 1, 0, 0
334565, 1, 1, 0
334572, 1, 0, 0
334578, 1, 1, 0
334585, 1, 0, 0
334591, 1, 1, 0
334598, 1, 0, 0
334603, 0, 0, 0
334604, 0, 1, 0
334611, 0, 0, 0
334616, 1, 1, 0
334623, 1, 0, 0
334629, 1, 1, 0
334636, 1, 0, 0
334642, 1, 1, 0
334649, 1, 0, 0
334654, 0, 0, 0
334655, 0, 1, 0
334662, 0, 0, 0
334668, 0, 1, 0
334675, 0, 0, 0
334680, 0, 1, 0
334687, 0, 0, 0
334693, 0, 1, 0
334700, 0, 0, 0
334706, 0, 1, 0
334713, 0, 0, 0
334718, 1, 0, 0
334719, 1, 1, 0
334726, 1, 0, 0
334731, 0, 0, 0
334732, 0, 1, 0
334739, 0, 0, 0
334744, 0, 1, 0
334751, 0, 0, 0
334757, 0, 1, 0
334764, 0, 0, 0
334770, 0, 1, 0
334777, 0, 0, 0
334783, 0, 1, 0
334790, 0, 0, 0
334796, 0, 1, 0
334803, 0, 0, 0
334808, 0, 1, 0
334815, 0, 0, 0
334821, 0, 1, 0
334828, 0, 0, 0
334834, 0, 1, 0
334841, 0, 0, 0
334847, 0, 1, 0
334854, 0, 0, 0
334860, 0, 1, 0
334867, 0, 0, 0
334872, 0, 1, 0
334879, 0, 0, 0
334885, 0, 1, 0
334892, 0, 0, 0
334898, 0, 1, 0
334905, 0, 0, 0
334911, 0, 1, 0
334918, 0, 0, 0
334924, 0, 1, 0
334931, 0, 0, 0
334936, 0, 1, 0
334943, 0, 0, 0
334949, 0, 1, 0
334956, 0, 0, 0
334962, 0, 1, 0
334969, 0, 0, 0
334975, 0, 1, 0
334982, 0, 0, 0
334988, 0, 1, 0
334995, 0, 0, 0
335000, 0, 1, 0
335007, 0, 0, 0
335013, 0, 1, 0
335020, 0, 0, 0
335026, 0, 1, 0
335033, 0, 0, 0
335039, 0, 1, 0
335046, 0, 0, 0
335052, 0, 1, 0
335059, 0, 0, 0
335064, 0, 1, 0
335071, 0, 0, 0
335077, 0, 1, 0
335084, 0, 0, 0
335090, 0, 1, 0
335097, 0, 0, 0
335103, 0, 1, 0
335110, 0, 0, 0
335116, 0, 1, 0
335123, 0, 0, 0
335128, 0, 1, 0
335135, 0, 0, 0
335141, 0, 1, 0
335148, 0, 0, 0
335154, 0, 1, 0
335161, 0, 0, 0
335167, 0, 1, 0
335174, 0, 0, 0
335180, 0, 1, 0
335187, 0, 0, 0
335192, 0, 1, 0
335199, 0, 0, 0
335205, 0, 1, 0
335212, 0, 0, 0
335218, 0, 1, 0
335225, 0, 0, 0
335231, 0, 1, 0
335238, 0, 0, 0
335244, 0, 1, 0
335251, 0, 0, 0
335256, 0, 1, 0
335263, 0, 0, 0
335269, 0, 1, 0
335276, 0, 0, 0
335282, 0, 1, 0
335289, 0, 0, 0
335295, 0, 1, 0
335302, 0, 0, 0
335308, 0, 1, 0
335315, 0, 0, 0
335320, 0, 1, 0
335327, 0, 0, 0
335333, 0, 1, 0
335340, 0, 0, 0
335346, 0, 1, 0
335353, 0, 0, 0
335359, 0, 1, 0
335366, 0, 0, 0
335372, 0, 1, 0
335379, 0, 0, 0
335384, 0, 1, 0
335391, 0, 0, 0
335397, 0, 1, 0
335404, 0, 0, 0
335410, 0, 1, 0
335417, 0, 0, 0
335423, 0, 1, 0
335430, 0, 0, 0
335436, 0, 1, 0
335443, 0, 0, 0
335448, 0, 1, 0
335455, 0, 0, 0
335461, 0, 1, 0
335468, 0, 0, 0
335474, 0, 1, 0
335481, 0, 0, 0
335487, 0, 1, 0
335494, 0, 0, 0
335500, 0, 1, 0
335507, 0, 0, 0
335512, 0, 1, 0
335519, 0, 0, 0
335525, 0, 1, 0
335532, 0, 0, 0
335538, 0, 1, 0
335545, 0, 0, 0
335551, 0, 1, 0
335558, 0, 0, 0
335564, 0, 1, 0
335571, 0, 0, 0
335576, 0, 1, 0
335583, 0, 0, 0
335589, 0, 1, 0
335596, 0, 0, 0
335602, 0, 1, 0
335609, 0, 0, 0
335615, 0, 1, 0
335622, 0, 0, 0
335628, 0, 1, 0
335635, 0, 0, 0
335640, 0, 1, 0
335647, 0, 0, 0
335653, 0, 1, 0
335660, 0, 0, 0
335666, 0, 1, 0
335673, 0, 0, 0
335679, 0, 1, 0
335686, 0, 0, 0
335692, 0, 1, 0
335699, 0, 0, 0
335704, 0, 1, 0
335711, 0, 0, 0
335717, 0, 1, 0
335724, 0, 0, 0
335730, 0, 1, 0
335737, 0, 0, 0
335743, 0, 1, 0
335750, 0, 0, 0
335756, 0, 1, 0
335763, 0, 0, 0
335768, 0, 1, 0
335775, 0, 0, 0
335781, 0, 1, 0
335788, 0, 0, 0
335794, 0, 1, 0
335801, 0, 0, 0
335807, 0, 1, 0
335814, 0, 0, 0
335820, 0, 1, 0
335827, 0, 0, 0
335832, 0, 1, 0
335839, 0, 0, 0
335845, 0, 1, 0
335852, 0, 0, 0
335858, 0, 1, 0
335865, 0, 0, 0
335871, 0, 1, 0
335878, 0, 0, 0
335884, 0, 1, 0
335891, 0, 0, 0
335896, 0, 1, 0
335903, 0, 0, 0
335909, 0, 1, 0
335916, 0, 0, 0
335922, 0, 1, 0
335929, 0, 0, 0
335935, 0, 1, 0
335942, 0, 0, 0
335948, 0, 1, 0
335955, 0, 0, 0
335960, 0, 1, 0
335967, 0, 0, 0
335973, 0, 1, 0
335980, 0, 0, 0
335986, 0, 1, 0
335993, 0, 0, 0
335999, 0, 1, 0
336006, 0, 0, 0
336012, 0, 1, 0
336019, 0, 0, 0
336024, 0, 1, 0
336031, 0, 0, 0
336037, 0, 1, 0
336044, 0, 0, 0
336050, 0, 1, 0
336057, 0, 0, 0
336063, 0, 1, 0
336070, 0, 0, 0
336076, 0, 1, 0
336083, 0, 0, 0
336088, 0, 1, 0
336095, 0, 0, 0
336101, 0, 1, 0
336108, 0, 0, 0
336114, 0, 1, 0
336121, 0, 0, 0
336127, 0, 1, 0
336134, 0, 0, 0
336140, 0, 1, 0
336147, 0, 0, 0
336152, 0, 1, 1
336159, 0, 0, 1
336165, 1, 1, 0
336172, 1, 0, 0
336178, 1, 1, 0
336185, 1, 0, 0
336191, 1, 1, 0
336198, 1, 0, 0
336204, 1, 1, 0
336211, 1, 0, 0
336216, 1, 1, 0
336223, 1, 0, 0
336229, 1, 1, 0
336236, 1, 0, 0
336242, 0, 1, 0
336249, 0, 0, 0
336254, 1, 0, 0
336255, 1, 1, 0
336262, 1, 0, 0
336268, 1, 1, 0
336275, 1, 0, 0
336280, 1, 1, 0
336287, 1, 0, 0
336293, 0, 1, 0
336300, 0, 0, 0
336306, 0, 1, 0
336313, 0, 0, 0
336319, 0, 1, 0
336326, 0, 0, 0
336332, 0, 1, 0
336339, 0, 0, 0
336344, 0, 1, 0
336351, 0, 0, 0
336357, 1, 1, 0
336364, 1, 0, 0
336370, 0, 1, 0
336377, 0, 0, 0
336383, 0, 1, 0
336390, 0, 0, 0
336396, 0, 1, 0
336403, 0, 0, 0
336408, 0, 1, 0
336415, 0, 0, 0
336421, 0, 1, 0
336428, 0, 0, 0
336434, 0, 1, 0
336441, 0, 0, 0
336447, 0, 1, 0
336454, 0, 0, 0
336460, 0, 1, 0
336467, 0, 0, 0
336472, 0, 1, 0
336479, 0, 0, 0
336485, 0, 1, 0
336492, 0, 0, 0
336498, 0, 1, 0
336505, 0, 0, 0
336511, 0, 1, 0
336518, 0, 0, 0
336524, 0, 1, 0
336531, 0, 0, 0
336536, 0, 1, 0
336543, 0, 0, 0
336549, 0, 1, 0
336556, 0, 0, 0
336562, 0, 1, 0
336569, 0, 0, 0
336575, 0, 1, 0
336582, 0, 0, 0
336588, 0, 1, 0
336595, 0, 0, 0
336600, 0, 1, 0
336607, 0, 0, 0
336613, 0, 1, 0
336620, 0, 0, 0
336626, 0, 1, 0
336633, 0, 0, 0
336639, 0, 1, 0
336646, 0, 0, 0
336652, 0, 1, 0
336659, 0, 0, 0
336664, 0, 1, 0
336671, 0, 0, 0
336677, 0, 1, 0
336684, 0, 0, 0
336690, 0, 1, 0
336697, 0, 0, 0
336703, 0, 1, 0
336710, 0, 0, 0
336716, 0, 1, 0
336723, 0, 0, 0
336728, 0, 1, 0
336735, 0, 0, 0
336741, 0, 1, 0
336748, 0, 0, 0
336754, 0, 1, 0
336761, 0, 0, 0
336767, 0, 1, 0
336774, 0, 0, 0
336780, 0, 1, 0
336787, 0, 0, 0
336792, 0, 1, 0
336799, 0, 0, 0
336805, 0, 1, 0
336812, 0, 0, 0
336818, 0, 1, 0
336825, 0, 0, 0
336831, 0, 1, 0
336838, 0, 0, 0
336844, 0, 1, 0
336851, 0, 0, 0
336856, 0, 1, 0
336863, 0, 0, 0
336869, 0, 1, 0
336876, 0, 0, 0
336882, 0, 1, 0
336889, 0, 0, 0
336895, 0, 1, 0
336902, 0, 0, 0
336908, 0, 1, 0
336915, 0, 0, 0
336920, 0, 1, 0
336927, 0, 0, 0
336933, 0, 1, 0
336940, 0, 0, 0
336946, 0, 1, 0
336953, 0, 0, 0
336959, 0, 1, 0
336966, 0, 0, 0
336972, 0, 1, 0
336979, 0, 0, 0
336984, 0, 1, 0
336991, 0, 0, 0
336997, 0, 1, 0
337004, 0, 0, 0
337010, 0, 1, 0
337017, 0, 0, 0
337023, 0, 1, 0
337030, 0, 0, 0
337036, 0, 1, 0
337043, 0, 0, 0
337048, 0, 1, 0
337055, 0, 0, 0
337061, 0, 1, 0
337068, 0, 0, 0
337074, 0, 1, 0
337081, 0, 0, 0
337087, 0, 1, 0
337094, 0, 0, 0
337100, 0, 1, 0
337107, 0, 0, 0
337112, 0, 1, 0
337119, 0, 0, 0
337125, 0, 1, 0
337132, 0, 0, 0
337138, 0, 1, 0
337145, 0, 0, 0
337151, 0, 1, 0
337158, 0, 0, 0
337164, 0, 1, 0
337171, 0, 0, 0
337176, 0, 1, 0
337183, 0, 0, 0
337189, 0, 1, 0
337196, 0, 0, 0
337202, 0, 1, 0
337209, 0, 0, 0
337215, 0, 1, 0
337222, 0, 0, 0
337228, 0, 1, 0
337235, 0, 0, 0
337240, 0, 1, 0
337247, 0, 0, 0
337253, 0, 1, 0
337260, 0, 0, 0
337266, 0, 1, 0
337273, 0, 0, 0
337279, 0, 1, 0
337286, 0, 0, 0
337292, 0, 1, 0
337299, 0, 0, 0
337304, 0, 1, 0
337311, 0, 0, 0
337317, 0, 1, 0
337324, 0, 0, 0
337330, 0, 1, 0
337337, 0, 0, 0
337343, 0, 1, 0
337350, 0, 0, 0
337356, 0, 1, 0
337363, 0, 0, 0
337368, 0, 1, 0
337375, 0, 0, 0
337381, 0, 1, 0
337388, 0, 0, 0
337394, 0, 1, 0
337401, 0, 0, 0
337407, 0, 1, 0
337414, 0, 0, 0
337420, 0, 1, 0
337427, 0, 0, 0
337432, 0, 1, 0
337439, 0, 0, 0
337445, 0, 1, 0
337452, 0, 0, 0
337458, 0, 1, 0
337465, 0, 0, 0
337471, 0, 1, 0
337478, 0, 0, 0
337484, 0, 1, 0
337491, 0, 0, 0
337496, 0, 1, 0
337503, 0, 0, 0
337509, 0, 1, 0
337516, 0, 0, 0
337522, 0, 1, 0
337529, 0, 0, 0
337535, 0, 1, 0
337542, 0, 0, 0
337548, 0, 1, 0
337555, 0, 0, 0
337560, 0, 1, 0
337567, 0, 0, 0
337573, 0, 1, 0
337580, 0, 0, 0
337586, 0, 1, 0
337593, 0, 0, 0
337599, 0, 1, 0
337606, 0, 0, 0
337612, 0, 1, 0
337619, 0, 0, 0
337624, 0, 1, 0
337631, 0, 0, 0
337637, 0, 1, 0
337644, 0, 0, 0
337650, 0, 1, 0
337657, 0, 0, 0
337663, 0, 1, 0
337670, 0, 0, 0
337676, 0, 1, 0
337683, 0, 0, 0
337688, 0, 1, 0
337695, 0, 0, 0
337701, 0, 1, 0
337708, 0, 0, 0
337714, 0, 1, 0
337721, 0, 0, 0
337727, 0, 1, 0
337734, 0, 0, 0
337740, 0, 1, 0
337747, 0, 0, 0
337752, 0, 1, 0
337759, 0, 0, 0
337765, 0, 1, 0
337772, 0, 0, 0
337778, 0, 1, 0
337785, 0, 0, 0
337791, 0, 1, 1
337798, 0, 0, 1
337803, 1, 0, 0
337804, 1, 1, 0
337811, 1, 0, 0
337816, 1, 1, 0
337823, 1, 0, 0
337829, 1, 1, 0
337836, 1, 0, 0
337842, 1, 1, 0
337849, 1, 0, 0
337855, 1, 1, 0
337862, 1, 0, 0
337868, 1, 1, 0
337875, 1, 0, 0
337880, 0, 1, 0
337888, 0, 0, 0
337893, 1, 1, 0
337900, 1, 0, 0
337906, 1, 1, 0
337913, 1, 0, 0
337919, 1, 1, 0
337926, 1, 0, 0
337931, 0, 0, 0
337932, 0, 1, 0
337939, 0, 0, 0
337944, 0, 1, 0
337952, 0, 0, 0
337957, 0, 1, 0
337964, 0, 0, 0
337970, 0, 1, 0
337977, 0, 0, 0
337983, 0, 1, 0
337990, 0, 0, 0
337995, 1, 0, 0
337996, 1, 1, 0
338003, 1, 0, 0
338008, 0, 1, 0
338016, 0, 0, 0
338021, 0, 1, 0
338028, 0, 0, 0
338034, 0, 1, 0
338041, 0, 0, 0
338047, 0, 1, 0
338054, 0, 0, 0
338060, 0, 1, 0
338067, 0, 0, 0
338072, 0, 1, 0
338080, 0, 0, 0
338085, 0, 1, 0
338092, 0, 0, 0
338098, 0, 1, 0
338105, 0, 0, 0
338111, 0, 1, 0
338118, 0, 0, 0
338124, 0, 1, 0
338131, 0, 0, 0
338136, 0, 1, 0
338144, 0, 0, 0
338149, 0, 1, 0
338156, 0, 0, 0
338162, 0, 1, 0
338169, 0, 0, 0
338175, 0, 1, 0
338182, 0, 0, 0
338188, 0, 1, 0
338195, 0, 0, 0
338200, 0, 1, 0
338208, 0, 0, 0
338213, 0, 1, 0
338220, 0, 0, 0
338226, 0, 1, 0
338233, 0, 0, 0
338239, 0, 1, 0
338246, 0, 0, 0
338252, 0, 1, 0
338259, 0, 0, 0
338264, 0, 1, 0
338272, 0, 0, 0
338277, 0, 1, 0
338284, 0, 0, 0
338290, 0, 1, 0
338297, 0, 0, 0
338303, 0, 1, 0
338310, 0, 0, 0
338316, 0, 1, 0
338323, 0, 0, 0
338328, 0, 1, 0
338336, 0, 0, 0
338341, 0, 1, 0
338348, 0, 0, 0
338354, 0, 1, 0
338361, 0, 0, 0
338367, 0, 1, 0
338374, 0, 0, 0
338380, 0, 1, 0
338387, 0, 0, 0
338392, 0, 1, 0
338400, 0, 0, 0
338405, 0, 1, 0
338412, 0, 0, 0
338418, 0, 1, 0
338425, 0, 0, 0
338431, 0, 1, 0
338438, 0, 0, 0
338444, 0, 1, 0
338451, 0, 0, 0
338456, 0, 1, 0
338464, 0, 0, 0
338469, 0, 1, 0
338476, 0, 0, 0
338482, 0, 1, 0
338489, 0, 0, 0
338495, 0, 1, 0
338502, 0, 0, 0
338508, 0, 1, 0
338515, 0, 0, 0
338521, 0, 1, 0
338528, 0, 0, 0
338533, 0, 1, 0
338540, 0, 0, 0
338546, 0, 1, 0
338553, 0, 0, 0
338559, 0, 1, 0
338566, 0, 0, 0
338572, 0, 1, 0
338579, 0, 0, 0
338585, 0, 1, 0
338592, 0, 0, 0
338597, 0, 1, 0
338604, 0, 0, 0
338610, 0, 1, 0
338617, 0, 0, 0
338623, 0, 1, 0
338630, 0, 0, 0
338636, 0, 1, 0
338643, 0, 0, 0
338649, 0, 1, 0
338656, 0, 0, 0
338661, 0, 1, 0
338668, 0, 0, 0
338674, 0, 1, 0
338681, 0, 0, 0
338687, 0, 1, 0
338694, 0, 0, 0
338700, 0, 1, 0
338707, 0, 0, 0
338713, 0, 1, 0
338720, 0, 0, 0
338725, 0, 1, 0
338732, 0, 0, 0
338738, 0, 1, 0
338745, 0, 0, 0
338751, 0, 1, 0
338758, 0, 0, 0
338764, 0, 1, 0
338771, 0, 0, 0
338777, 0, 1, 0
338784, 0, 0, 0
338789, 0, 1, 0
338796, 0, 0, 0
338802, 0, 1, 0
338809, 0, 0, 0
338815, 0, 1, 0
338822, 0, 0, 0
338828, 0, 1, 0
338835, 0, 0, 0
338841, 0, 1, 0
338848, 0, 0, 0
338853, 0, 1, 0
338860, 0, 0, 0
338866, 0, 1, 0
338873, 0, 0, 0
338879, 0, 1, 0
338886, 0, 0, 0
338892, 0, 1, 0
338899, 0, 0, 0
338905, 0, 1, 0
338912, 0, 0, 0
338917, 0, 1, 0
338924, 0, 0, 0
338930, 0, 1, 0
338937, 0, 0, 0
338943, 0, 1, 0
338950, 0, 0, 0
338956, 0, 1, 0
338963, 0, 0, 0
338969, 0, 1, 0
338976, 0, 0, 0
338981, 0, 1, 0
338988, 0, 0, 0
338994, 0, 1, 0
339001, 0, 0, 0
339007, 0, 1, 0
339014, 0, 0, 0
339020, 0, 1, 0
339027, 0, 0, 0
339033, 0, 1, 0
339040, 0, 0, 0
339045, 0, 1, 0
339052, 0, 0, 0
339058, 0, 1, 0
339065, 0, 0, 0
339071, 0, 1, 0
339078, 0, 0, 0
339084, 0, 1, 0
339091, 0, 0, 0
339097, 0, 1, 0
339104, 0, 0, 0
339109, 0, 1, 0
339116, 0, 0, 0
339122, 0, 1, 0
339129, 0, 0, 0
339135, 0, 1, 0
339142, 0, 0, 0
339148, 0, 1, 0
339155, 0, 0, 0
339161, 0, 1, 0
339168, 0, 0, 0
339173, 0, 1, 0
339180, 0, 0, 0
339186, 0, 1, 0
339193, 0, 0, 0
339199, 0, 1, 0
339206, 0, 0, 0
339212, 0, 1, 0
339219, 0, 0, 0
339225, 0, 1, 0
339232, 0, 0, 0
339237, 0, 1, 0
339244, 0, 0, 0
339250, 0, 1, 0
339257, 0, 0, 0
339263, 0, 1, 0
339270, 0, 0, 0
339276, 0, 1, 0
339283, 0, 0, 0
339289, 0, 1, 0
339296, 0, 0, 0
339301, 0, 1, 0
339308, 0, 0, 0
339314, 0, 1, 0
339321, 0, 0, 0
339327, 0, 1, 0
339334, 0, 0, 0
339340, 0, 1, 0
339347, 0, 0, 0
339353, 0, 1, 0
339360, 0, 0, 0
339365, 0, 1, 0
339372, 0, 0, 0
339378, 0, 1, 0
339385, 0, 0, 0
339391, 0, 1, 0
339398, 0, 0, 0
339404, 0, 1, 0
339411, 0, 0, 0
339417, 0, 1, 0
339424, 0, 0, 0
339429, 0, 1, 1
339436, 0, 0, 1
339442, 1, 1, 0
339449, 1, 0, 0
339455, 1, 1, 0
339462, 1, 0, 0
339468, 1, 1, 0
339475, 1, 0, 0
339481, 1, 1, 0
339488, 1, 0, 0
339493, 1, 1, 0
339500, 1, 0, 0
339506, 1, 1, 0
339513, 1, 0, 0
339519, 0, 1, 0
339526, 0, 0, 0
339531, 1, 0, 0
339532, 1, 1, 0
339539, 1, 0, 0
339545, 1, 1, 0
339552, 1, 0, 0
339557, 1, 1, 0
339564, 1, 0, 0
339570, 0, 1, 0
339577, 0, 0, 0
339583, 0, 1, 0
339590, 0, 0, 0
339596, 0, 1, 0
339603, 0, 0, 0
339609, 0, 1, 0
339616, 0, 0, 0
339621, 0, 1, 0
339628, 0, 0, 0
339634, 1, 1, 0
339641, 1, 0, 0
339647, 0, 1, 0
339654, 0, 0, 0
339660, 0, 1, 0
339667, 0, 0, 0
339673, 0, 1, 0
339680, 0, 0, 0
339685, 0, 1, 0
339692, 0, 0, 0
339698, 0, 1, 0
339705, 0, 0, 0
339711, 0, 1, 0
339718, 0, 0, 0
339724, 0, 1, 0
339731, 0, 0, 0
339737, 0, 1, 0
339744, 0, 0, 0
339749, 0, 1, 0
339756, 0, 0, 0
339762, 0, 1, 0
339769, 0, 0, 0
339775, 0, 1, 0
339782, 0, 0, 0
339788, 0, 1, 0
339795, 0, 0, 0
339801, 0, 1, 0
339808, 0, 0, 0
339813, 0, 1, 0
339820, 0, 0, 0
339826, 0, 1, 0
339833, 0, 0, 0
339839, 0, 1, 0
339846, 0, 0, 0
339852, 0, 1, 0
339859, 0, 0, 0
339865, 0, 1, 0
339872, 0, 0, 0
339877, 0, 1, 0
339884, 0, 0, 0
339890, 0, 1, 0
339897, 0, 0, 0
339903, 0, 1, 0
339910, 0, 0, 0
339916, 0, 1, 0
339923, 0, 0, 0
339929, 0, 1, 0
339936, 0, 0, 0
339941, 0, 1, 0
339948, 0, 0, 0
339954, 0, 1, 0
339961, 0, 0, 0
339967, 0, 1, 0
339974, 0, 0, 0
339980, 0, 1, 0
339987, 0, 0, 0
339993, 0, 1, 0
340000, 0, 0, 0
340005, 0, 1, 0
340012, 0, 0, 0
340018, 0, 1, 0
340025, 0, 0, 0
340031, 0, 1, 0
340038, 0, 0, 0
340044, 0, 1, 0
340051, 0, 0, 0
340057, 0, 1, 0
340064, 0, 0, 0
340069, 0, 1, 0
340076, 0, 0, 0
340082, 0, 1, 0
340089, 0, 0, 0
340095, 0, 1, 0
340102, 0, 0, 0
340108, 0, 1, 0
340115, 0, 0, 0
340121, 0, 1, 0
340128, 0, 0, 0
340133, 0, 1, 0
340140, 0, 0, 0
340146, 0, 1, 0
340153, 0, 0, 0
340159, 0, 1, 0
340166, 0, 0, 0
340172, 0, 1, 0
340179, 0, 0, 0
340185, 0, 1, 0
340192, 0, 0, 0
340197, 0, 1, 0
340204, 0, 0, 0
340210, 0, 1, 0
340217, 0, 0, 0
340223, 0, 1, 0
340230, 0, 0, 0
340236, 0, 1, 0
340243, 0, 0, 0
340249, 0, 1, 0
340256, 0, 0, 0
340261, 0, 1, 0
340268, 0, 0, 0
340274, 0, 1, 0
340281, 0, 0, 0
340287, 0, 1, 0
340294, 0, 0, 0
340300, 0, 1, 0
340307, 0, 0, 0
340313, 0, 1, 0
340320, 0, 0, 0
340325, 0, 1, 0
340332, 0, 0, 0
340338, 0, 1, 0
340345, 0, 0, 0
340351, 0, 1, 0
340358, 0, 0, 0
340364, 0, 1, 0
340371, 0, 0, 0
340377, 0, 1, 0
340384, 0, 0, 0
340389, 0, 1, 0
340396, 0, 0, 0
340402, 0, 1, 0
340409, 0, 0, 0
340415, 0, 1, 0
340422, 0, 0, 0
340428, 0, 1, 0
340435, 0, 0, 0
340441, 0, 1, 0
340448, 0, 0, 0
340453, 0, 1, 0
340460, 0, 0, 0
340466, 0, 1, 0
340473, 0, 0, 0
340479, 0, 1, 0
340486, 0, 0, 0
340492, 0, 1, 0
340499, 0, 0, 0
340505, 0, 1, 0
340512, 0, 0, 0
340517, 0, 1, 0
340524, 0, 0, 0
340530, 0, 1, 0
340537, 0, 0, 0
340543, 0, 1, 0
340550, 0, 0, 0
340556, 0, 1, 0
340563, 0, 0, 0
340569, 0, 1, 0
340576, 0, 0, 0
340581, 0, 1, 0
340588, 0, 0, 0
340594, 0, 1, 0
340601, 0, 0, 0
340607, 0, 1, 0
340614, 0, 0, 0
340620, 0, 1, 0
340627, 0, 0, 0
340633, 0, 1, 0
340640, 0, 0, 0
340645, 0, 1, 0
340652, 0, 0, 0
340658, 0, 1, 0
340665, 0, 0, 0
340671, 0, 1, 0
340678, 0, 0, 0
340684, 0, 1, 0
340691, 0, 0, 0
340697, 0, 1, 0
340704, 0, 0, 0
340709, 0, 1, 0
340716, 0, 0, 0
340722, 0, 1, 0
340729, 0, 0, 0
340735, 0, 1, 0
340742, 0, 0, 0
340748, 0, 1, 0
340755, 0, 0, 0
340761, 0, 1, 0
340768, 0, 0, 0
340773, 0, 1, 0
340780, 0, 0, 0
340786, 0, 1, 0
340793, 0, 0, 0
340799, 0, 1, 0
340806, 0, 0, 0
340812, 0, 1, 0
340819, 0, 0, 0
340825, 0, 1, 0
340832, 0, 0, 0
340837, 0, 1, 0
340844, 0, 0, 0
340850, 0, 1, 0
340857, 0, 0, 0
340863, 0, 1, 0
340870, 0, 0, 0
340876, 0, 1, 0
340883, 0, 0, 0
340889, 0, 1, 0
340896, 0, 0, 0
340901, 0, 1, 0
340908, 0, 0, 0
340914, 0, 1, 0
340921, 0, 0, 0
340927, 0, 1, 0
340934, 0, 0, 0
340940, 0, 1, 0
340947, 0, 0, 0
340953, 0, 1, 0
340960, 0, 0, 0
340965, 0, 1, 0
340972, 0, 0, 0
340978, 0, 1, 0
340985, 0, 0, 0
340991, 0, 1, 0
340998, 0, 0, 0
341004, 0, 1, 0
341011, 0, 0, 0
341017, 0, 1, 0
341024, 0, 0, 0
341029, 0, 1, 0
341036, 0, 0, 0
341042, 0, 1, 0
341049, 0, 0, 0
341055, 0, 1, 0
341062, 0, 0, 0
341068, 0, 1, 1
341075, 0, 0, 1
341080, 1, 0, 0
341081, 1, 1, 0
341088, 1, 0, 0
341093, 1, 1, 0
341100, 1, 0, 0
341106, 1, 1, 0
341113, 1, 0, 0
341119, 1, 1, 0
341126, 1, 0, 0
341132, 1, 1, 0
341139, 1, 0, 0
341145, 1, 1, 0
341152, 1, 0, 0
341157, 0, 1, 0
341164, 0, 0, 0
341170, 1, 1, 0
341177, 1, 0, 0
341183, 1, 1, 0
341190, 1, 0, 0
341196, 1, 1, 0
341203, 1, 0, 0
341208, 0, 0, 0
341209, 0, 1, 0
341216, 0, 0, 0
341221, 0, 1, 0
341228, 0, 0, 0
341234, 0, 1, 0
341241, 0, 0, 0
341247, 0, 1, 0
341254, 0, 0, 0
341260, 0, 1, 0
341267, 0, 0, 0
341272, 1, 0, 0
341273, 1, 1, 0
341280, 1, 0, 0
341285, 0, 1, 0
341292, 0, 0, 0
341298, 0, 1, 0
341305, 0, 0, 0
341311, 0, 1, 0
341318, 0, 0, 0
341324, 0, 1, 0
341331, 0, 0, 0
341337, 0, 1, 0
341344, 0, 0, 0
341349, 0, 1, 0
341356, 0, 0, 0
341362, 0, 1, 0
341369, 0, 0, 0
341375, 0, 1, 0
341382, 0, 0, 0
341388, 0, 1, 0
341395, 0, 0, 0
341401, 0, 1, 0
341408, 0, 0, 0
341413, 0, 1, 0
341420, 0, 0, 0
341426, 0, 1, 0
341433, 0, 0, 0
341439, 0, 1, 0
341446, 0, 0, 0
341452, 0, 1, 0
341459, 0, 0, 0
341465, 0, 1, 0
341472, 0, 0, 0
341477, 0, 1, 0
341484, 0, 0, 0
341490, 0, 1, 0
341497, 0, 0, 0
341503, 0, 1, 0
341510, 0, 0, 0
341516, 0, 1, 0
341523, 0, 0, 0
341529, 0, 1, 0
341536, 0, 0, 0
341541, 0, 1, 0
341548, 0, 0, 0
341554, 0, 1, 0
341561, 0, 0, 0
341567, 0, 1, 0
341574, 0, 0, 0
341580, 0, 1, 0
341587, 0, 0, 0
341593, 0, 1, 0
341600, 0, 0, 0
341605, 0, 1, 0
341612, 0, 0, 0
341618, 0, 1, 0
341625, 0, 0, 0
341631, 0, 1, 0
341638, 0, 0, 0
341644, 0, 1, 0
341651, 0, 0, 0
341657, 0, 1, 0
341664, 0, 0, 0
341669, 0, 1, 0
341676, 0, 0, 0
341682, 0, 1, 0
341689, 0, 0, 0
341695, 0, 1, 0
341702, 0, 0, 0
341708, 0, 1, 0
341715, 0, 0, 0
341721, 0, 1, 0
341728, 0, 0, 0
341733, 0, 1, 0
341740, 0, 0, 0
341746, 0, 1, 0
341753, 0, 0, 0
341759, 0, 1, 0
341766, 0, 0, 0
341772, 0, 1, 0
341779, 0, 0, 0
341785, 0, 1, 0
341792, 0, 0, 0
341797, 0, 1, 0
341804, 0, 0, 0
341810, 0, 1, 0
341817, 0, 0, 0
341823, 0, 1, 0
341830, 0, 0, 0
341836, 0, 1, 0
341843, 0, 0, 0
341849, 0, 1, 0
341856, 0, 0, 0
341861, 0, 1, 0
341868, 0, 0, 0
341874, 0, 1, 0
341881, 0, 0, 0
341887, 0, 1, 0
341894, 0, 0, 0
341900, 0, 1, 0
341907, 0, 0, 0
341913, 0, 1, 0
341920, 0, 0, 0
341925, 0, 1, 0
341932, 0, 0, 0
341938, 0, 1, 0
341945, 0, 0, 0
341951, 0, 1, 0
341958, 0, 0, 0
341964, 0, 1, 0
341971, 0, 0, 0
341977, 0, 1, 0
341984, 0, 0, 0
341989, 0, 1, 0
341996, 0, 0, 0
342002, 0, 1, 0
342009, 0, 0, 0
342015, 0, 1, 0
342022, 0, 0, 0
342028, 0, 1, 0
342035, 0, 0, 0
342041, 0, 1, 0
342048, 0, 0, 0
342053, 0, 1, 0
342060, 0, 0, 0
342066, 0, 1, 0
342073, 0, 0, 0
342079, 0, 1, 0
342086, 0, 0, 0
342092, 0, 1, 0
342099, 0, 0, 0
342105, 0, 1, 0
342112, 0, 0, 0
342117, 0, 1, 0
342124, 0, 0, 0
342130, 0, 1, 0
342137, 0, 0, 0
342143, 0, 1, 0
342150, 0, 0, 0
342156, 0, 1, 0
342163, 0, 0, 0
342169, 0, 1, 0
342176, 0, 0, 0
342181, 0, 1, 0
342188, 0, 0, 0
342194, 0, 1, 0
342201, 0, 0, 0
342207, 0, 1, 0
342214, 0, 0, 0
342220, 0, 1, 0
342227, 0, 0, 0
342233, 0, 1, 0
342240, 0, 0, 0
342245, 0, 1, 0
342252, 0, 0, 0
342258, 0, 1, 0
342265, 0, 0, 0
342271, 0, 1, 0
342278, 0, 0, 0
342284, 0, 1, 0
342291, 0, 0, 0
342297, 0, 1, 0
342304, 0, 0, 0
342309, 0, 1, 0
342316, 0, 0, 0
342322, 0, 1, 0
342329, 0, 0, 0
342335, 0, 1, 0
342342, 0, 0, 0
342348, 0, 1, 0
342355, 0, 0, 0
342361, 0, 1, 0
342368, 0, 0, 0
342373, 0, 1, 0
342380, 0, 0, 0
342386, 0, 1, 0
342393, 0, 0, 0
342399, 0, 1, 0
342406, 0, 0, 0
342412, 0, 1, 0
342419, 0, 0, 0
342425, 0, 1, 0
342432, 0, 0, 0
342437, 0, 1, 0
342444, 0, 0, 0
342450, 0, 1, 0
342457, 0, 0, 0
342463, 0, 1, 0
342470, 0, 0, 0
342476, 0, 1, 0
342483, 0, 0, 0
342489, 0, 1, 0
342496, 0, 0, 0
342501, 0, 1, 0
342508, 0, 0, 0
342514, 0, 1, 0
342521, 0, 0, 0
342527, 0, 1, 0
342534, 0, 0, 0
342540, 0, 1, 0
342547, 0, 0, 0
342553, 0, 1, 0
342560, 0, 0, 0
342565, 0, 1, 0
342572, 0, 0, 0
342578, 0, 1, 0
342585, 0, 0, 0
342591, 0, 1, 0
342598, 0, 0, 0
342604, 0, 1, 0
342611, 0, 0, 0
342617, 0, 1, 0
342624, 0, 0, 0
342629, 0, 1, 0
342636, 0, 0, 0
342642, 0, 1, 0
342649, 0, 0, 0
342655, 0, 1, 0
342662, 0, 0, 0
342668, 0, 1, 0
342675, 0, 0, 0
342681, 0, 1, 0
342688, 0, 0, 0
342693, 0, 1, 0
342700, 0, 0, 0
342706, 0, 1, 1
342713, 0, 0, 1
342719, 1, 1, 0
342726, 1, 0, 0
342732, 1, 1, 0
342739, 1, 0, 0
342745, 1, 1, 0
342752, 1, 0, 0
342757, 1, 1, 0
342765, 1, 0, 0
342770, 1, 1, 0
342777, 1, 0, 0
342783, 1, 1, 0
342790, 1, 0, 0
342795, 0, 0, 0
342796, 0, 1, 0
342803, 0, 0, 0
342808, 1, 0, 0
342809, 1, 1, 0
342816, 1, 0, 0
342821, 1, 1, 0
342829, 1, 0, 0
342834, 1, 1, 0
342841, 1, 0, 0
342847, 0, 1, 0
342854, 0, 0, 0
342860, 0, 1, 0
342867, 0, 0, 0
342873, 0, 1, 0
342880, 0, 0, 0
342885, 0, 1, 0
342893, 0, 0, 0
342898, 0, 1, 0
342905, 0, 0, 0
342911, 1, 1, 0
342918, 1, 0, 0
342923, 0, 0, 0
342924, 0, 1, 0
342931, 0, 0, 0
342937, 0, 1, 0
342944, 0, 0, 0
342949, 0, 1, 0
342957, 0, 0, 0
342962, 0, 1, 0
342969, 0, 0, 0
342975, 0, 1, 0
342982, 0, 0, 0
342988, 0, 1, 0
342995, 0, 0, 0
343001, 0, 1, 0
343008, 0, 0, 0
343013, 0, 1, 0
343021, 0, 0, 0
343026, 0, 1, 0
343033, 0, 0, 0
343039, 0, 1, 0
343046, 0, 0, 0
343052, 0, 1, 0
343059, 0, 0, 0
343065, 0, 1, 0
343072, 0, 0, 0
343077, 0, 1, 0
343085, 0, 0, 0
343090, 0, 1, 0
343097, 0, 0, 0
343103, 0, 1, 0
343110, 0, 0, 0
343116, 0, 1, 0
343123, 0, 0, 0
343129, 0, 1, 0
343136, 0, 0, 0
343141, 0, 1, 0
343149, 0, 0, 0
343154, 0, 1, 0
343161, 0, 0, 0
343167, 0, 1, 0
343174, 0, 0, 0
343180, 0, 1, 0
343187, 0, 0, 0
343193, 0, 1, 0
343200, 0, 0, 0
343205, 0, 1, 0
343213, 0, 0, 0
343218, 0, 1, 0
343225, 0, 0, 0
343231, 0, 1, 0
343238, 0, 0, 0
343244, 0, 1, 0
343251, 0, 0, 0
343257, 0, 1, 0
343264, 0, 0, 0
343269, 0, 1, 0
343277, 0, 0, 0
343282, 0, 1, 0
343289, 0, 0, 0
343295, 0, 1, 0
343302, 0, 0, 0
343308, 0, 1, 0
343315, 0, 0, 0
343321, 0, 1, 0
343328, 0, 0, 0
343333, 0, 1, 0
343341, 0, 0, 0
343346, 0, 1, 0
343353, 0, 0, 0
343359, 0, 1, 0
343366, 0, 0, 0
343372, 0, 1, 0
343379, 0, 0, 0
343385, 0, 1, 0
343392, 0, 0, 0
343397, 0, 1, 0
343405, 0, 0, 0
343410, 0, 1, 0
343417, 0, 0, 0
343423, 0, 1, 0
343430, 0, 0, 0
343436, 0, 1, 0
343443, 0, 0, 0
343449, 0, 1, 0
343456, 0, 0, 0
343462, 0, 1, 0
343469, 0, 0, 0
343474, 0, 1, 0
343481, 0, 0, 0
343487, 0, 1, 0
343494, 0, 0, 0
343500, 0, 1, 0
343507, 0, 0, 0
343513, 0, 1, 0
343520, 0, 0, 0
343526, 0, 1, 0
343533, 0, 0, 0
343538, 0, 1, 0
343545, 0, 0, 0
343551, 0, 1, 0
343558, 0, 0, 0
343564, 0, 1, 0
343571, 0, 0, 0
343577, 0, 1, 0
343584, 0, 0, 0
343590, 0, 1, 0
343597, 0, 0, 0
343602, 0, 1, 0
343609, 0, 0, 0
343615, 0, 1, 0
343622, 0, 0, 0
343628, 0, 1, 0
343635, 0, 0, 0
343641, 0, 1, 0
343648, 0, 0, 0
343654, 0, 1, 0
343661, 0, 0, 0
343666, 0, 1, 0
343673, 0, 0, 0
343679, 0, 1, 0
343686, 0, 0, 0
343692, 0, 1, 0
343699, 0, 0, 0
343705, 0, 1, 0
343712, 0, 0, 0
343718, 0, 1, 0
343725, 0, 0, 0
343730, 0, 1, 0
343737, 0, 0, 0
343743, 0, 1, 0
343750, 0, 0, 0
343756, 0, 1, 0
343763, 0, 0, 0
343769, 0, 1, 0
343776, 0, 0, 0
343782, 0, 1, 0
343789, 0, 0, 0
343794, 0, 1, 0
343801, 0, 0, 0
343807, 0, 1, 0
343814, 0, 0, 0
343820, 0, 1, 0
343827, 0, 0, 0
343833, 0, 1, 0
343840, 0, 0, 0
343846, 0, 1, 0
343853, 0, 0, 0
343858, 0, 1, 0
343865, 0, 0, 0
343871, 0, 1, 0
343878, 0, 0, 0
343884, 0, 1, 0
343891, 0, 0, 0
343897, 0, 1, 0
343904, 0, 0, 0
343910, 0, 1, 0
343917, 0, 0, 0
343922, 0, 1, 0
343929, 0, 0, 0
343935, 0, 1, 0
343942, 0, 0, 0
343948, 0, 1, 0
343955, 0, 0, 0
343961, 0, 1, 0
343968, 0, 0, 0
343974, 0, 1, 0
343981, 0, 0, 0
343986, 0, 1, 0
343993, 0, 0, 0
343999, 0, 1, 0
344006, 0, 0, 0
344012, 0, 1, 0
344019, 0, 0, 0
344025, 0, 1, 0
344032, 0, 0, 0
344038, 0, 1, 0
344045, 0, 0, 0
344050, 0, 1, 0
344057, 0, 0, 0
344063, 0, 1, 0
344070, 0, 0, 0
344076, 0, 1, 0
344083, 0, 0, 0
344089, 0, 1, 0
344096, 0, 0, 0
344102, 0, 1, 0
344109, 0, 0, 0
344114, 0, 1, 0
344121, 0, 0, 0
344127, 0, 1, 0
344134, 0, 0, 0
344140, 0, 1, 0
344147, 0, 0, 0
344153, 0, 1, 0
344160, 0, 0, 0
344166, 0, 1, 0
344173, 0, 0, 0
344178, 0, 1, 0
344185, 0, 0, 0
344191, 0, 1, 0
344198, 0, 0, 0
344204, 0, 1, 0
344211, 0, 0, 0
344217, 0, 1, 0
344224, 0, 0, 0
344230, 0, 1, 0
344237, 0, 0, 0
344242, 0, 1, 0
344249, 0, 0, 0
344255, 0, 1, 0
344262, 0, 0, 0
344268, 0, 1, 0
344275, 0, 0, 0
344281, 0, 1, 0
344288, 0, 0, 0
344294, 0, 1, 0
344301, 0, 0, 0
344306, 0, 1, 0
344313, 0, 0, 0
344319, 0, 1, 0
344326, 0, 0, 0
344332, 0, 1, 0
344339, 0, 0, 0
344344, 0, 0, 1
344345, 0, 1, 1
344352, 0, 0, 1
344357, 1, 0, 0
344358, 1, 1, 0
344365, 1, 0, 0
344370, 1, 1, 0
344377, 1, 0, 0
344383, 1, 1, 0
344390, 1, 0, 0
344396, 1, 1, 0
344403, 1, 0, 0
344409, 1, 1, 0
344416, 1, 0, 0
344422, 1, 1, 0
344429, 1, 0, 0
344434, 0, 1, 0
344441, 0, 0, 0
344447, 1, 1, 0
344454, 1, 0, 0
344460, 1, 1, 0
344467, 1, 0, 0
344473, 1, 1, 0
344480, 1, 0, 0
344485, 0, 0, 0
344486, 0, 1, 0
344493, 0, 0, 0
344498, 0, 1, 0
344505, 0, 0, 0
344511, 0, 1, 0
344518, 0, 0, 0
344524, 0, 1, 0
344531, 0, 0, 0
344537, 0, 1, 0
344544, 0, 0, 0
344549, 1, 0, 0
344550, 1, 1, 0
344557, 1, 0, 0
344562, 0, 1, 0
344569, 0, 0, 0
344575, 0, 1, 0
344582, 0, 0, 0
344588, 0, 1, 0
344595, 0, 0, 0
344601, 0, 1, 0
344608, 0, 0, 0
344614, 0, 1, 0
344621, 0, 0, 0
344626, 0, 1, 0
344633, 0, 0, 0
344639, 0, 1, 0
344646, 0, 0, 0
344652, 0, 1, 0
344659, 0, 0, 0
344665, 0, 1, 0
344672, 0, 0, 0
344678, 0, 1, 0
344685, 0, 0, 0
344690, 0, 1, 0
344697, 0, 0, 0
344703, 0, 1, 0
344710, 0, 0, 0
344716, 0, 1, 0
344723, 0, 0, 0
344729, 0, 1, 0
344736, 0, 0, 0
344742, 0, 1, 0
344749, 0, 0, 0
344754, 0, 1, 0
344761, 0, 0, 0
344767, 0, 1, 0
344774, 0, 0, 0
344780, 0, 1, 0
344787, 0, 0, 0
344793, 0, 1, 0
344800, 0, 0, 0
344806, 0, 1, 0
344813, 0, 0, 0
344818, 0, 1, 0
344825, 0, 0, 0
344831, 0, 1, 0
344838, 0, 0, 0
344844, 0, 1, 0
344851, 0, 0, 0
344857, 0, 1, 0
344864, 0, 0, 0
344870, 0, 1, 0
344877, 0, 0, 0
344882, 0, 1, 0
344889, 0, 0, 0
344895, 0, 1, 0
344902, 0, 0, 0
344908, 0, 1, 0
344915, 0, 0, 0
344921, 0, 1, 0
344928, 0, 0, 0
344934, 0, 1, 0
344941, 0, 0, 0
344946, 0, 1, 0
344953, 0, 0, 0
344959, 0, 1, 0
344966, 0, 0, 0
344972, 0, 1, 0
344979, 0, 0, 0
344985, 0, 1, 0
344992, 0, 0, 0
344998, 0, 1, 0
345005, 0, 0, 0
345010, 0, 1, 0
345017, 0, 0, 0
345023, 0, 1, 0
345030, 0, 0, 0
345036, 0, 1, 0
345043, 0, 0, 0
345049, 0, 1, 0
345056, 0, 0, 0
345062, 0, 1, 0
345069, 0, 0, 0
345074, 0, 1, 0
345081, 0, 0, 0
345087, 0, 1, 0
345094, 0, 0, 0
345100, 0, 1, 0
345107, 0, 0, 0
345113, 0, 1, 0
345120, 0, 0, 0
345126, 0, 1, 0
345133, 0, 0, 0
345138, 0, 1, 0
345145, 0, 0, 0
345151, 0, 1, 0
345158, 0, 0, 0
345164, 0, 1, 0
345171, 0, 0, 0
345177, 0, 1, 0
345184, 0, 0, 0
345190, 0, 1, 0
345197, 0, 0, 0
345202, 0, 1, 0
345209, 0, 0, 0
345215, 0, 1, 0
345222, 0, 0, 0
345228, 0, 1, 0
345235, 0, 0, 0
345241, 0, 1, 0
345248, 0, 0, 0
345254, 0, 1, 0
345261, 0, 0, 0
345266, 0, 1, 0
345273, 0, 0, 0
345279, 0, 1, 0
345286, 0, 0, 0
345292, 0, 1, 0
345299, 0, 0, 0
345305, 0, 1, 0
345312, 0, 0, 0
345318, 0, 1, 0
345325, 0, 0, 0
345330, 0, 1, 0
345337, 0, 0, 0
345343, 0, 1, 0
345350, 0, 0, 0
345356, 0, 1, 0
345363, 0, 0, 0
345369, 0, 1, 0
345376, 0, 0, 0
345382, 0, 1, 0
345389, 0, 0, 0
345394, 0, 1, 0
345401, 0, 0, 0
345407, 0, 1, 0
345414, 0, 0, 0
345420, 0, 1, 0
345427, 0, 0, 0
345433, 0, 1, 0
345440, 0, 0, 0
345446, 0, 1, 0
345453, 0, 0, 0
345458, 0, 1, 0
345465, 0, 0, 0
345471, 0, 1, 0
345478, 0, 0, 0
345484, 0, 1, 0
345491, 0, 0, 0
345497, 0, 1, 0
345504, 0, 0, 0
345510, 0, 1, 0
345517, 0, 0, 0
345522, 0, 1, 0
345529, 0, 0, 0
345535, 0, 1, 0
345542, 0, 0, 0
345548, 0, 1, 0
345555, 0, 0, 0
345561, 0, 1, 0
345568, 0, 0, 0
345574, 0, 1, 0
345581, 0, 0, 0
345586, 0, 1, 0
345593, 0, 0, 0
345599, 0, 1, 0
345606, 0, 0, 0
345612, 0, 1, 0
345619, 0, 0, 0
345625, 0, 1, 0
345632, 0, 0, 0
345638, 0, 1, 0
345645, 0, 0, 0
345650, 0, 1, 0
345657, 0, 0, 0
345663, 0, 1, 0
345670, 0, 0, 0
345676, 0, 1, 0
345683, 0, 0, 0
345689, 0, 1, 0
345696, 0, 0, 0
345702, 0, 1, 0
345709, 0, 0, 0
345714, 0, 1, 0
345721, 0, 0, 0
345727, 0, 1, 0
345734, 0, 0, 0
345740, 0, 1, 0
345747, 0, 0, 0
345753, 0, 1, 0
345760, 0, 0, 0
345766, 0, 1, 0
345773, 0, 0, 0
345778, 0, 1, 0
345785, 0, 0, 0
345791, 0, 1, 0
345798, 0, 0, 0
345804, 0, 1, 0
345811, 0, 0, 0
345817, 0, 1, 0
345824, 0, 0, 0
345830, 0, 1, 0
345837, 0, 0, 0
345842, 0, 1, 0
345849, 0, 0, 0
345855, 0, 1, 0
345862, 0, 0, 0
345868, 0, 1, 0
345875, 0, 0, 0
345881, 0, 1, 0
345888, 0, 0, 0
345894, 0, 1, 0
345901, 0, 0, 0
345906, 0, 1, 0
345913, 0, 0, 0
345919, 0, 1, 0
345926, 0, 0, 0
345932, 0, 1, 0
345939, 0, 0, 0
345945, 0, 1, 0
345952, 0, 0, 0
345958, 0, 1, 0
345965, 0, 0, 0
345970, 0, 1, 0
345977, 0, 0, 0
345983, 0, 1, 1
345990, 0, 0, 1
345996, 1, 1, 0
346003, 1, 0, 0
346009, 1, 1, 0
346016, 1, 0, 0
346022, 1, 1, 0
346029, 1, 0, 0
346034, 1, 1, 0
346041, 1, 0, 0
346047, 1, 1, 0
346054, 1, 0, 0
346060, 1, 1, 0
346067, 1, 0, 0
346072, 0, 0, 0
346073, 0, 1, 0
346080, 0, 0, 0
346085, 1, 0, 0
346086, 1, 1, 0
346093, 1, 0, 0
346098, 1, 1, 0
346105, 1, 0, 0
346111, 1, 1, 0
346118, 1, 0, 0
346124, 0, 1, 0
346131, 0, 0, 0
346137, 0, 1, 0
346144, 0, 0, 0
346150, 0, 1, 0
346157, 0, 0, 0
346162, 0, 1, 0
346169, 0, 0, 0
346175, 0, 1, 0
346182, 0, 0, 0
346188, 1, 1, 0
346195, 1, 0, 0
346200, 0, 0, 0
346201, 0, 1, 0
346208, 0, 0, 0
346214, 0, 1, 0
346221, 0, 0, 0
346226, 0, 1, 0
346233, 0, 0, 0
346239, 0, 1, 0
346246, 0, 0, 0
346252, 0, 1, 0
346259, 0, 0, 0
346265, 0, 1, 0
346272, 0, 0, 0
346278, 0, 1, 0
346285, 0, 0, 0
346290, 0, 1, 0
346297, 0, 0, 0
346303, 0, 1, 0
346310, 0, 0, 0
346316, 0, 1, 0
346323, 0, 0, 0
346329, 0, 1, 0
346336, 0, 0, 0
346342, 0, 1, 0
346349, 0, 0, 0
346354, 0, 1, 0
346361, 0, 0, 0
346367, 0, 1, 0
346374, 0, 0, 0
346380, 0, 1, 0
346387, 0, 0, 0
346393, 0, 1, 0
346400, 0, 0, 0
346406, 0, 1, 0
346413, 0, 0, 0
346418, 0, 1, 0
346425, 0, 0, 0
346431, 0, 1, 0
346438, 0, 0, 0
346444, 0, 1, 0
346451, 0, 0, 0
346457, 0, 1, 0
346464, 0, 0, 0
346470, 0, 1, 0
346477, 0, 0, 0
346482, 0, 1, 0
346489, 0, 0, 0
346495, 0, 1, 0
346502, 0, 0, 0
346508, 0, 1, 0
346515, 0, 0, 0
346521, 0, 1, 0
346528, 0, 0, 0
346534, 0, 1, 0
346541, 0, 0, 0
346546, 0, 1, 0
346553, 0, 0, 0
346559, 0, 1, 0
346566, 0, 0, 0
346572, 0, 1, 0
346579, 0, 0, 0
346585, 0, 1, 0
346592, 0, 0, 0
346598, 0, 1, 0
346605, 0, 0, 0
346610, 0, 1, 0
346617, 0, 0, 0
346623, 0, 1, 0
346630, 0, 0, 0
346636, 0, 1, 0
346643, 0, 0, 0
346649, 0, 1, 0
346656, 0, 0, 0
346662, 0, 1, 0
346669, 0, 0, 0
346674, 0, 1, 0
346681, 0, 0, 0
346687, 0, 1, 0
346694, 0, 0, 0
346700, 0, 1, 0
346707, 0, 0, 0
346713, 0, 1, 0
346720, 0, 0, 0
346726, 0, 1, 0
346733, 0, 0, 0
346738, 0, 1, 0
346745, 0, 0, 0
346751, 0, 1, 0
346758, 0, 0, 0
346764, 0, 1, 0
346771, 0, 0, 0
346777, 0, 1, 0
346784, 0, 0, 0
346790, 0, 1, 0
346797, 0, 0, 0
346802, 0, 1, 0
346809, 0, 0, 0
346815, 0, 1, 0
346822, 0, 0, 0
346828, 0, 1, 0
346835, 0, 0, 0
346841, 0, 1, 0
346848, 0, 0, 0
346854, 0, 1, 0
346861, 0, 0, 0
346866, 0, 1, 0
346873, 0, 0, 0
346879, 0, 1, 0
346886, 0, 0, 0
346892, 0, 1, 0
346899, 0, 0, 0
346905, 0, 1, 0
346912, 0, 0, 0
346918, 0, 1, 0
346925, 0, 0, 0
346930, 0, 1, 0
346937, 0, 0, 0
346943, 0, 1, 0
346950, 0, 0, 0
346956, 0, 1, 0
346963, 0, 0, 0
346969, 0, 1, 0
346976, 0, 0, 0
346982, 0, 1, 0
346989, 0, 0, 0
346994, 0, 1, 0
347001, 0, 0, 0
347007, 0, 1, 0
347014, 0, 0, 0
347020, 0, 1, 0
347027, 0, 0, 0
347033, 0, 1, 0
347040, 0, 0, 0
347046, 0, 1, 0
347053, 0, 0, 0
347058, 0, 1, 0
347065, 0, 0, 0
347071, 0, 1, 0
347078, 0, 0, 0
347084, 0, 1, 0
347091, 0, 0, 0
347097, 0, 1, 0
347104, 0, 0, 0
347110, 0, 1, 0
347117, 0, 0, 0
347122, 0, 1, 0
347129, 0, 0, 0
347135, 0, 1, 0
347142, 0, 0, 0
347148, 0, 1, 0
347155, 0, 0, 0
347161, 0, 1, 0
347168, 0, 0, 0
347174, 0, 1, 0
347181, 0, 0, 0
347186, 0, 1, 0
347193, 0, 0, 0
347199, 0, 1, 0
347206, 0, 0, 0
347212, 0, 1, 0
347219, 0, 0, 0
347225, 0, 1, 0
347232, 0, 0, 0
347238, 0, 1, 0
347245, 0, 0, 0
347250, 0, 1, 0
347257, 0, 0, 0
347263, 0, 1, 0
347270, 0, 0, 0
347276, 0, 1, 0
347283, 0, 0, 0
347289, 0, 1, 0
347296, 0, 0, 0
347302, 0, 1, 0
347309, 0, 0, 0
347314, 0, 1, 0
347321, 0, 0, 0
347327, 0, 1, 0
347334, 0, 0, 0
347340, 0, 1, 0
347347, 0, 0, 0
347353, 0, 1, 0
347360, 0, 0, 0
347366, 0, 1, 0
347373, 0, 0, 0
347378, 0, 1, 0
347385, 0, 0, 0
347391, 0, 1, 0
347398, 0, 0, 0
347404, 0, 1, 0
347411, 0, 0, 0
347417, 0, 1, 0
347424, 0, 0, 0
347430, 0, 1, 0
347437, 0, 0, 0
347442, 0, 1, 0
347449, 0, 0, 0
347455, 0, 1, 0
347462, 0, 0, 0
347468, 0, 1, 0
347475, 0, 0, 0
347481, 0, 1, 0
347488, 0, 0, 0
347494, 0, 1, 0
347501, 0, 0, 0
347506, 0, 1, 0
347513, 0, 0, 0
347519, 0, 1, 0
347526, 0, 0, 0
347532, 0, 1, 0
347539, 0, 0, 0
347545, 0, 1, 0
347552, 0, 0, 0
347558, 0, 1, 0
347565, 0, 0, 0
347570, 0, 1, 0
347577, 0, 0, 0
347583, 0, 1, 0
347590, 0, 0, 0
347596, 0, 1, 0
347603, 0, 0, 0
347609, 0, 1, 0
347616, 0, 0, 0
347621, 0, 0, 1
347622, 0, 1, 1
347629, 0, 0, 1
347634, 1, 1, 0
347641, 1, 0, 0
347647, 1, 1, 0
347654, 1, 0, 0
347660, 1, 1, 0
347667, 1, 0, 0
347673, 1, 1, 0
347680, 1, 0, 0
347686, 1, 1, 0
347693, 1, 0, 0
347698, 1, 1, 0
347705, 1, 0, 0
347711, 0, 1, 0
347718, 0, 0, 0
347724, 1, 1, 0
347731, 1, 0, 0
347737, 1, 1, 0
347744, 1, 0, 0
347750, 1, 1, 0
347757, 1, 0, 0
347762, 0, 1, 0
347770, 0, 0, 0
347775, 0, 1, 0
347782, 0, 0, 0
347788, 0, 1, 0
347795, 0, 0, 0
347801, 0, 1, 0
347808, 0, 0, 0
347814, 0, 1, 0
347821, 0, 0, 0
347826, 1, 1, 0
347834, 1, 0, 0
347839, 0, 1, 0
347846, 0, 0, 0
347852, 0, 1, 0
347859, 0, 0, 0
347865, 0, 1, 0
347872, 0, 0, 0
347878, 0, 1, 0
347885, 0, 0, 0
347890, 0, 1, 0
347898, 0, 0, 0
347903, 0, 1, 0
347910, 0, 0, 0
347916, 0, 1, 0
347923, 0, 0, 0
347929, 0, 1, 0
347936, 0, 0, 0
347942, 0, 1, 0
347949, 0, 0, 0
347954, 0, 1, 0
347962, 0, 0, 0
347967, 0, 1, 0
347974, 0, 0, 0
347980, 0, 1, 0
347987, 0, 0, 0
347993, 0, 1, 0
348000, 0, 0, 0
348006, 0, 1, 0
348013, 0, 0, 0
348018, 0, 1, 0
348026, 0, 0, 0
348031, 0, 1, 0
348038, 0, 0, 0
348044, 0, 1, 0
348051, 0, 0, 0
348057, 0, 1, 0
348064, 0, 0, 0
348070, 0, 1, 0
348077, 0, 0, 0
348082, 0, 1, 0
348090, 0, 0, 0
348095, 0, 1, 0
348102, 0, 0, 0
348108, 0, 1, 0
348115, 0, 0, 0
348121, 0, 1, 0
348128, 0, 0, 0
348134, 0, 1, 0
348141, 0, 0, 0
348146, 0, 1, 0
348154, 0, 0, 0
348159, 0, 1, 0
348166, 0, 0, 0
348172, 0, 1, 0
348179, 0, 0, 0
348185, 0, 1, 0
348192, 0, 0, 0
348198, 0, 1, 0
348205, 0, 0, 0
348210, 0, 1, 0
348218, 0, 0, 0
348223, 0, 1, 0
348230, 0, 0, 0
348236, 0, 1, 0
348243, 0, 0, 0
348249, 0, 1, 0
348256, 0, 0, 0
348262, 0, 1, 0
348269, 0, 0, 0
348274, 0, 1, 0
348282, 0, 0, 0
348287, 0, 1, 0
348294, 0, 0, 0
348300, 0, 1, 0
348307, 0, 0, 0
348313, 0, 1, 0
348320, 0, 0, 0
348326, 0, 1, 0
348333, 0, 0, 0
348339, 0, 1, 0
348346, 0, 0, 0
348351, 0, 1, 0
348358, 0, 0, 0
348364, 0, 1, 0
348371, 0, 0, 0
348377, 0, 1, 0
348384, 0, 0, 0
348390, 0, 1, 0
348397, 0, 0, 0
348403, 0, 1, 0
348410, 0, 0, 0
348415, 0, 1, 0
348422, 0, 0, 0
348428, 0, 1, 0
348435, 0, 0, 0
348441, 0, 1, 0
348448, 0, 0, 0
348454, 0, 1, 0
348461, 0, 0, 0
348467, 0, 1, 0
348474, 0, 0, 0
348479, 0, 1, 0
348486, 0, 0, 0
348492, 0, 1, 0
348499, 0, 0, 0
348505, 0, 1, 0
348512, 0, 0, 0
348518, 0, 1, 0
348525, 0, 0, 0
348531, 0, 1, 0
348538, 0, 0, 0
348543, 0, 1, 0
348550, 0, 0, 0
348556, 0, 1, 0
348563, 0, 0, 0
348569, 0, 1, 0
348576, 0, 0, 0
348582, 0, 1, 0
348589, 0, 0, 0
348595, 0, 1, 0
348602, 0, 0, 0
348607, 0, 1, 0
348614, 0, 0, 0
348620, 0, 1, 0
348627, 0, 0, 0
348633, 0, 1, 0
348640, 0, 0, 0
348646, 0, 1, 0
348653, 0, 0, 0
348659, 0, 1, 0
348666, 0, 0, 0
348671, 0, 1, 0
348678, 0, 0, 0
348684, 0, 1, 0
348691, 0, 0, 0
348697, 0, 1, 0
348704, 0, 0, 0
348710, 0, 1, 0
348717, 0, 0, 0
348723, 0, 1, 0
348730, 0, 0, 0
348735, 0, 1, 0
348742, 0, 0, 0
348748, 0, 1, 0
348755, 0, 0, 0
348761, 0, 1, 0
348768, 0, 0, 0
348774, 0, 1, 0
348781, 0, 0, 0
348787, 0, 1, 0
348794, 0, 0, 0
348799, 0, 1, 0
348806, 0, 0, 0
348812, 0, 1, 0
348819, 0, 0, 0
348825, 0, 1, 0
348832, 0, 0, 0
348838, 0, 1, 0
348845, 0, 0, 0
348851, 0, 1, 0
348858, 0, 0, 0
348863, 0, 1, 0
348870, 0, 0, 0
348876, 0, 1, 0
348883, 0, 0, 0
348889, 0, 1, 0
348896, 0, 0, 0
348902, 0, 1, 0
348909, 0, 0, 0
348915, 0, 1, 0
348922, 0, 0, 0
348927, 0, 1, 0
348934, 0, 0, 0
348940, 0, 1, 0
348947, 0, 0, 0
348953, 0, 1, 0
348960, 0, 0, 0
348966, 0, 1, 0
348973, 0, 0, 0
348979, 0, 1, 0
348986, 0, 0, 0
348991, 0, 1, 0
348998, 0, 0, 0
349004, 0, 1, 0
349011, 0, 0, 0
349017, 0, 1, 0
349024, 0, 0, 0
349030, 0, 1, 0
349037, 0, 0, 0
349043, 0, 1, 0
349050, 0, 0, 0
349055, 0, 1, 0
349062, 0, 0, 0
349068, 0, 1, 0
349075, 0, 0, 0
349081, 0, 1, 0
349088, 0, 0, 0
349094, 0, 1, 0
349101, 0, 0, 0
349107, 0, 1, 0
349114, 0, 0, 0
349119, 0, 1, 0
349126, 0, 0, 0
349132, 0, 1, 0
349139, 0, 0, 0
349145, 0, 1, 0
349152, 0, 0, 0
349158, 0, 1, 0
349165, 0, 0, 0
349171, 0, 1, 0
349178, 0, 0, 0
349183, 0, 1, 0
349190, 0, 0, 0
349196, 0, 1, 0
349203, 0, 0, 0
349209, 0, 1, 0
349216, 0, 0, 0
349222, 0, 1, 0
349229, 0, 0, 0
349235, 0, 1, 0
349242, 0, 0, 0
349247, 0, 1, 0
349254, 0, 0, 0
349260, 0, 1, 1
349267, 0, 0, 1
349272, 1, 0, 1
349273, 1, 1, 0
349280, 1, 0, 0
349286, 1, 1, 0
349293, 1, 0, 0
349299, 1, 1, 0
349306, 1, 0, 0
349311, 1, 1, 0
349318, 1, 0, 0
349324, 1, 1, 0
349331, 1, 0, 0
349337, 1, 1, 0
349344, 1, 0, 0
349349, 0, 0, 0
349350, 0, 1, 0
349357, 0, 0, 0
349362, 1, 0, 0
349363, 1, 1, 0
349370, 1, 0, 0
349375, 1, 1, 0
349382, 1, 0, 0
349388, 1, 1, 0
349395, 1, 0, 0
349401, 0, 1, 0
349408, 0, 0, 0
349414, 0, 1, 0
349421, 0, 0, 0
349427, 0, 1, 0
349434, 0, 0, 0
349439, 0, 1, 0
349446, 0, 0, 0
349452, 0, 1, 0
349459, 0, 0, 0
349464, 1, 0, 0
349465, 1, 1, 0
349472, 1, 0, 0
349477, 0, 0, 0
349478, 0, 1, 0
349485, 0, 0, 0
349491, 0, 1, 0
349498, 0, 0, 0
349503, 0, 1, 0
349510, 0, 0, 0
349516, 0, 1, 0
349523, 0, 0, 0
349529, 0, 1, 0
349536, 0, 0, 0
349542, 0, 1, 0
349549, 0, 0, 0
349555, 0, 1, 0
349562, 0, 0, 0
349567, 0, 1, 0
349574, 0, 0, 0
349580, 0, 1, 0
349587, 0, 0, 0
349593, 0, 1, 0
349600, 0, 0, 0
349606, 0, 1, 0
349613, 0, 0, 0
349619, 0, 1, 0
349626, 0, 0, 0
349631, 0, 1, 0
349638, 0, 0, 0
349644, 0, 1, 0
349651, 0, 0, 0
349657, 0, 1, 0
349664, 0, 0, 0
349670, 0, 1, 0
349677, 0, 0, 0
349683, 0, 1, 0
349690, 0, 0, 0
349695, 0, 1, 0
349702, 0, 0, 0
349708, 0, 1, 0
349715, 0, 0, 0
349721, 0, 1, 0
349728, 0, 0, 0
349734, 0, 1, 0
349741, 0, 0, 0
349747, 0, 1, 0
349754, 0, 0, 0
349759, 0, 1, 0
349766, 0, 0, 0
349772, 0, 1, 0
349779, 0, 0, 0
349785, 0, 1, 0
349792, 0, 0, 0
349798, 0, 1, 0
349805, 0, 0, 0
349811, 0, 1, 0
349818, 0, 0, 0
349823, 0, 1, 0
349830, 0, 0, 0
349836, 0, 1, 0
349843, 0, 0, 0
349849, 0, 1, 0
349856, 0, 0, 0
349862, 0, 1, 0
349869, 0, 0, 0
349875, 0, 1, 0
349882, 0, 0, 0
349887, 0, 1, 0
349894, 0, 0, 0
349900, 0, 1, 0
349907, 0, 0, 0
349913, 0, 1, 0
349920, 0, 0, 0
349926, 0, 1, 0
349933, 0, 0, 0
349939, 0, 1, 0
349946, 0, 0, 0
349951, 0, 1, 0
349958, 0, 0, 0
349964, 0, 1, 0
349971, 0, 0, 0
349977, 0, 1, 0
349984, 0, 0, 0
349990, 0, 1, 0
349997, 0, 0, 0
350003, 0, 1, 0
350010, 0, 0, 0
350015, 0, 1, 0
350022, 0, 0, 0
350028, 0, 1, 0
350035, 0, 0, 0
350041, 0, 1, 0
350048, 0, 0, 0
350054, 0, 1, 0
350061, 0, 0, 0
350067, 0, 1, 0
350074, 0, 0, 0
350079, 0, 1, 0
350086, 0, 0, 0
350092, 0, 1, 0
350099, 0, 0, 0
350105, 0, 1, 0
350112, 0, 0, 0
350118, 0, 1, 0
350125, 0, 0, 0
350131, 0, 1, 0
350138, 0, 0, 0
350143, 0, 1, 0
350150, 0, 0, 0
350156, 0, 1, 0
350163, 0, 0, 0
350169, 0, 1, 0
350176, 0, 0, 0
350182, 0, 1, 0
350189, 0, 0, 0
350195, 0, 1, 0
350202, 0, 0, 0
350207, 0, 1, 0
350214, 0, 0, 0
350220, 0, 1, 0
350227, 0, 0, 0
350233, 0, 1, 0
350240, 0, 0, 0
350246, 0, 1, 0
350253, 0, 0, 0
350259, 0, 1, 0
350266, 0, 0, 0
350271, 0, 1, 0
350278, 0, 0, 0
350284, 0, 1, 0
350291, 0, 0, 0
350297, 0, 1, 0
350304, 0, 0, 0
350310, 0, 1, 0
350317, 0, 0, 0
350323, 0, 1, 0
350330, 0, 0, 0
350335, 0, 1, 0
350342, 0, 0, 0
350348, 0, 1, 0
350355, 0, 0, 0
350361, 0, 1, 0
350368, 0, 0, 0
350374, 0, 1, 0
350381, 0, 0, 0
350387, 0, 1, 0
350394, 0, 0, 0
350399, 0, 1, 0
350406, 0, 0, 0
350412, 0, 1, 0
350419, 0, 0, 0
350425, 0, 1, 0
350432, 0, 0, 0
350438, 0, 1, 0
350445, 0, 0, 0
350451, 0, 1, 0
350458, 0, 0, 0
350463, 0, 1, 0
350470, 0, 0, 0
350476, 0, 1, 0
350483, 0, 0, 0
350489, 0, 1, 0
350496, 0, 0, 0
350502, 0, 1, 0
350509, 0, 0, 0
350515, 0, 1, 0
350522, 0, 0, 0
350527, 0, 1, 0
350534, 0, 0, 0
350540, 0, 1, 0
350547, 0, 0, 0
350553, 0, 1, 0
350560, 0, 0, 0
350566, 0, 1, 0
350573, 0, 0, 0
350579, 0, 1, 0
350586, 0, 0, 0
350591, 0, 1, 0
350598, 0, 0, 0
350604, 0, 1, 0
350611, 0, 0, 0
350617, 0, 1, 0
350624, 0, 0, 0
350630, 0, 1, 0
350637, 0, 0, 0
350643, 0, 1, 0
350650, 0, 0, 0
350655, 0, 1, 0
350662, 0, 0, 0
350668, 0, 1, 0
350675, 0, 0, 0
350681, 0, 1, 0
350688, 0, 0, 0
350694, 0, 1, 0
350701, 0, 0, 0
350707, 0, 1, 0
350714, 0, 0, 0
350719, 0, 1, 0
350726, 0, 0, 0
350732, 0, 1, 0
350739, 0, 0, 0
350745, 0, 1, 0
350752, 0, 0, 0
350758, 0, 1, 0
350765, 0, 0, 0
350771, 0, 1, 0
350778, 0, 0, 0
350783, 0, 1, 0
350790, 0, 0, 0
350796, 0, 1, 0
350803, 0, 0, 0
350809, 0, 1, 0
350816, 0, 0, 0
350822, 0, 1, 0
350829, 0, 0, 0
350835, 0, 1, 0
350842, 0, 0, 0
350847, 0, 1, 0
350854, 0, 0, 0
350860, 0, 1, 0
350867, 0, 0, 0
350873, 0, 1, 0
350880, 0, 0, 0
350886, 0, 1, 0
350893, 0, 0, 0
350898, 0, 0, 1
350899, 0, 1, 1
350906, 0, 0, 1
350911, 1, 1, 0
350918, 1, 0, 0
350924, 1, 1, 0
350931, 1, 0, 0
350937, 1, 1, 0
350944, 1, 0, 0
350950, 1, 1, 0
350957, 1, 0, 0
350963, 1, 1, 0
350970, 1, 0, 0
350975, 1, 1, 0
350982, 1, 0, 0
350988, 0, 1, 0
350995, 0, 0, 0
351001, 1, 1, 0
351008, 1, 0, 0
351014, 1, 1, 0
351021, 1, 0, 0
351027, 1, 1, 0
351034, 1, 0, 0
351039, 0, 1, 0
351046, 0, 0, 0
351052, 0, 1, 0
351059, 0, 0, 0
351065, 0, 1, 0
351072, 0, 0, 0
351078, 0, 1, 0
351085, 0, 0, 0
351091, 0, 1, 0
351098, 0, 0, 0
351103, 1, 1, 0
351110, 1, 0, 0
351116, 0, 1, 0
351123, 0, 0, 0
351129, 0, 1, 0
351136, 0, 0, 0
351142, 0, 1, 0
351149, 0, 0, 0
351155, 0, 1, 0
351162, 0, 0, 0
351167, 0, 1, 0
351174, 0, 0, 0
351180, 0, 1, 0
351187, 0, 0, 0
351193, 0, 1, 0
351200, 0, 0, 0
351206, 0, 1, 0
351213, 0, 0, 0
351219, 0, 1, 0
351226, 0, 0, 0
351231, 0, 1, 0
351238, 0, 0, 0
351244, 0, 1, 0
351251, 0, 0, 0
351257, 0, 1, 0
351264, 0, 0, 0
351270, 0, 1, 0
351277, 0, 0, 0
351283, 0, 1, 0
351290, 0, 0, 0
351295, 0, 1, 0
351302, 0, 0, 0
351308, 0, 1, 0
351315, 0, 0, 0
351321, 0, 1, 0
351328, 0, 0, 0
351334, 0, 1, 0
351341, 0, 0, 0
351347, 0, 1, 0
351354, 0, 0, 0
351359, 0, 1, 0
351366, 0, 0, 0
351372, 0, 1, 0
351379, 0, 0, 0
351385, 0, 1, 0
351392, 0, 0, 0
351398, 0, 1, 0
351405, 0, 0, 0
351411, 0, 1, 0
351418, 0, 0, 0
351423, 0, 1, 0
351430, 0, 0, 0
351436, 0, 1, 0
351443, 0, 0, 0
351449, 0, 1, 0
351456, 0, 0, 0
351462, 0, 1, 0
351469, 0, 0, 0
351475, 0, 1, 0
351482, 0, 0, 0
351487, 0, 1, 0
351494, 0, 0, 0
351500, 0, 1, 0
351507, 0, 0, 0
351513, 0, 1, 0
351520, 0, 0, 0
351526, 0, 1, 0
351533, 0, 0, 0
351539, 0, 1, 0
351546, 0, 0, 0
351551, 0, 1, 0
351558, 0, 0, 0
351564, 0, 1, 0
351571, 0, 0, 0
351577, 0, 1, 0
351584, 0, 0, 0
351590, 0, 1, 0
351597, 0, 0, 0
351603, 0, 1, 0
351610, 0, 0, 0
351615, 0, 1, 0
351622, 0, 0, 0
351628, 0, 1, 0
351635, 0, 0, 0
351641, 0, 1, 0
351648, 0, 0, 0
351654, 0, 1, 0
351661, 0, 0, 0
351667, 0, 1, 0
351674, 0, 0, 0
351679, 0, 1, 0
351686, 0, 0, 0
351692, 0, 1, 0
351699, 0, 0, 0
351705, 0, 1, 0
351712, 0, 0, 0
351718, 0, 1, 0
351725, 0, 0, 0
351731, 0, 1, 0
351738, 0, 0, 0
351743, 0, 1, 0
351750, 0, 0, 0
351756, 0, 1, 0
351763, 0, 0, 0
351769, 0, 1, 0
351776, 0, 0, 0
351782, 0, 1, 0
351789, 0, 0, 0
351795, 0, 1, 0
351802, 0, 0, 0
351807, 0, 1, 0
351814, 0, 0, 0
351820, 0, 1, 0
351827, 0, 0, 0
351833, 0, 1, 0
351840, 0, 0, 0
351846, 0, 1, 0
351853, 0, 0, 0
351859, 0, 1, 0
351866, 0, 0, 0
351871, 0, 1, 0
351878, 0, 0, 0
351884, 0, 1, 0
351891, 0, 0, 0
351897, 0, 1, 0
351904, 0, 0, 0
351910, 0, 1, 0
351917, 0, 0, 0
351923, 0, 1, 0
351930, 0, 0, 0
351935, 0, 1, 0
351942, 0, 0, 0
351948, 0, 1, 0
351955, 0, 0, 0
351961, 0, 1, 0
351968, 0, 0, 0
351974, 0, 1, 0
351981, 0, 0, 0
351987, 0, 1, 0
351994, 0, 0, 0
351999, 0, 1, 0
352006, 0, 0, 0
352012, 0, 1, 0
352019, 0, 0, 0
352025, 0, 1, 0
352032, 0, 0, 0
352038, 0, 1, 0
352045, 0, 0, 0
352051, 0, 1, 0
352058, 0, 0, 0
352063, 0, 1, 0
352070, 0, 0, 0
352076, 0, 1, 0
352083, 0, 0, 0
352089, 0, 1, 0
352096, 0, 0, 0
352102, 0, 1, 0
352109, 0, 0, 0
352115, 0, 1, 0
352122, 0, 0, 0
352127, 0, 1, 0
352134, 0, 0, 0
352140, 0, 1, 0
352147, 0, 0, 0
352153, 0, 1, 0
352160, 0, 0, 0
352166, 0, 1, 0
352173, 0, 0, 0
352179, 0, 1, 0
352186, 0, 0, 0
352191, 0, 1, 0
352198, 0, 0, 0
352204, 0, 1, 0
352211, 0, 0, 0
352217, 0, 1, 0
352224, 0, 0, 0
352230, 0, 1, 0
352237, 0, 0, 0
352243, 0, 1, 0
352250, 0, 0, 0
352255, 0, 1, 0
352262, 0, 0, 0
352268, 0, 1, 0
352275, 0, 0, 0
352281, 0, 1, 0
352288, 0, 0, 0
352294, 0, 1, 0
352301, 0, 0, 0
352307, 0, 1, 0
352314, 0, 0, 0
352319, 0, 1, 0
352326, 0, 0, 0
352332, 0, 1, 0
352339, 0, 0, 0
352345, 0, 1, 0
352352, 0, 0, 0
352358, 0, 1, 0
352365, 0, 0, 0
352371, 0, 1, 0
352378, 0, 0, 0
352383, 0, 1, 0
352390, 0, 0, 0
352396, 0, 1, 0
352403, 0, 0, 0
352409, 0, 1, 0
352416, 0, 0, 0
352422, 0, 1, 0
352429, 0, 0, 0
352435, 0, 1, 0
352442, 0, 0, 0
352447, 0, 1, 0
352454, 0, 0, 0
352460, 0, 1, 0
352467, 0, 0, 0
352473, 0, 1, 0
352480, 0, 0, 0
352486, 0, 1, 0
352493, 0, 0, 0
352499, 0, 1, 0
352506, 0, 0, 0
352511, 0, 1, 0
352518, 0, 0, 0
352524, 0, 1, 0
352531, 0, 0, 0
352537, 0, 1, 1
352544, 0, 0, 1
352549, 1, 0, 1
352550, 1, 1, 0
352557, 1, 0, 0
352563, 1, 1, 0
352570, 1, 0, 0
352575, 1, 1, 0
352582, 1, 0, 0
352588, 1, 1, 0
352595, 1, 0, 0
352601, 1, 1, 0
352608, 1, 0, 0
352614, 1, 1, 0
352621, 1, 0, 0
352626, 0, 0, 0
352627, 0, 1, 0
352634, 0, 0, 0
352639, 1, 1, 0
352647, 1, 0, 0
352652, 1, 1, 0
352659, 1, 0, 0
352665, 1, 1, 0
352672, 1, 0, 0
352677, 0, 0, 0
352678, 0, 1, 0
352685, 0, 0, 0
352691, 0, 1, 0
352698, 0, 0, 0
352703, 0, 1, 0
352711, 0, 0, 0
352716, 0, 1, 0
352723, 0, 0, 0
352729, 0, 1, 0
352736, 0, 0, 0
352741, 1, 0, 0
352742, 1, 1, 0
352749, 1, 0, 0
352754, 0, 0, 0
352755, 0, 1, 0
352762, 0, 0, 0
352767, 0, 1, 0
352775, 0, 0, 0
352780, 0, 1, 0
352787, 0, 0, 0
352793, 0, 1, 0
352800, 0, 0, 0
352806, 0, 1, 0
352813, 0, 0, 0
352819, 0, 1, 0
352826, 0, 0, 0
352831, 0, 1, 0
352839, 0, 0, 0
352844, 0, 1, 0
352851, 0, 0, 0
352857, 0, 1, 0
352864, 0, 0, 0
352870, 0, 1, 0
352877, 0, 0, 0
352883, 0, 1, 0
352890, 0, 0, 0
352895, 0, 1, 0
352903, 0, 0, 0
352908, 0, 1, 0
352915, 0, 0, 0
352921, 0, 1, 0
352928, 0, 0, 0
352934, 0, 1, 0
352941, 0, 0, 0
352947, 0, 1, 0
352954, 0, 0, 0
352959, 0, 1, 0
352967, 0, 0, 0
352972, 0, 1, 0
352979, 0, 0, 0
352985, 0, 1, 0
352992, 0, 0, 0
352998, 0, 1, 0
353005, 0, 0, 0
353011, 0, 1, 0
353018, 0, 0, 0
353023, 0, 1, 0
353031, 0, 0, 0
353036, 0, 1, 0
353043, 0, 0, 0
353049, 0, 1, 0
353056, 0, 0, 0
353062, 0, 1, 0
353069, 0, 0, 0
353075, 0, 1, 0
353082, 0, 0, 0
353087, 0, 1, 0
353095, 0, 0, 0
353100, 0, 1, 0
353107, 0, 0, 0
353113, 0, 1, 0
353120, 0, 0, 0
353126, 0, 1, 0
353133, 0, 0, 0
353139, 0, 1, 0
353146, 0, 0, 0
353151, 0, 1, 0
353159, 0, 0, 0
353164, 0, 1, 0
353171, 0, 0, 0
353177, 0, 1, 0
353184, 0, 0, 0
353190, 0, 1, 0
353197, 0, 0, 0
353203, 0, 1, 0
353210, 0, 0, 0
353215, 0, 1, 0
353223, 0, 0, 0
353228, 0, 1, 0
353235, 0, 0, 0
353241, 0, 1, 0
353248, 0, 0, 0
353254, 0, 1, 0
353261, 0, 0, 0
353267, 0, 1, 0
353274, 0, 0, 0
353280, 0, 1, 0
353287, 0, 0, 0
353292, 0, 1, 0
353299, 0, 0, 0
353305, 0, 1, 0
353312, 0, 0, 0
353318, 0, 1, 0
353325, 0, 0, 0
353331, 0, 1, 0
353338, 0, 0, 0
353344, 0, 1, 0
353351, 0, 0, 0
353356, 0, 1, 0
353363, 0, 0, 0
353369, 0, 1, 0
353376, 0, 0, 0
353382, 0, 1, 0
353389, 0, 0, 0
353395, 0, 1, 0
353402, 0, 0, 0
353408, 0, 1, 0
353415, 0, 0, 0
353420, 0, 1, 0
353427, 0, 0, 0
353433, 0, 1, 0
353440, 0, 0, 0
353446, 0, 1, 0
353453, 0, 0, 0
353459, 0, 1, 0
353466, 0, 0, 0
353472, 0, 1, 0
353479, 0, 0, 0
353484, 0, 1, 0
353491, 0, 0, 0
353497, 0, 1, 0
353504, 0, 0, 0
353510, 0, 1, 0
353517, 0, 0, 0
353523, 0, 1, 0
353530, 0, 0, 0
353536, 0, 1, 0
353543, 0, 0, 0
353548, 0, 1, 0
353555, 0, 0, 0
353561, 0, 1, 0
353568, 0, 0, 0
353574, 0, 1, 0
353581, 0, 0, 0
353587, 0, 1, 0
353594, 0, 0, 0
353600, 0, 1, 0
353607, 0, 0, 0
353612, 0, 1, 0
353619, 0, 0, 0
353625, 0, 1, 0
353632, 0, 0, 0
353638, 0, 1, 0
353645, 0, 0, 0
353651, 0, 1, 0
353658, 0, 0, 0
353664, 0, 1, 0
353671, 0, 0, 0
353676, 0, 1, 0
353683, 0, 0, 0
353689, 0, 1, 0
353696, 0, 0, 0
353702, 0, 1, 0
353709, 0, 0, 0
353715, 0, 1, 0
353722, 0, 0, 0
353728, 0, 1, 0
353735, 0, 0, 0
353740, 0, 1, 0
353747, 0, 0, 0
353753, 0, 1, 0
353760, 0, 0, 0
353766, 0, 1, 0
353773, 0, 0, 0
353779, 0, 1, 0
353786, 0, 0, 0
353792, 0, 1, 0
353799, 0, 0, 0
353804, 0, 1, 0
353811, 0, 0, 0
353817, 0, 1, 0
353824, 0, 0, 0
353830, 0, 1, 0
353837, 0, 0, 0
353843, 0, 1, 0
353850, 0, 0, 0
353856, 0, 1, 0
353863, 0, 0, 0
353868, 0, 1, 0
353875, 0, 0, 0
353881, 0, 1, 0
353888, 0, 0, 0
353894, 0, 1, 0
353901, 0, 0, 0
353907, 0, 1, 0
353914, 0, 0, 0
353920, 0, 1, 0
353927, 0, 0, 0
353932, 0, 1, 0
353939, 0, 0, 0
353945, 0, 1, 0
353952, 0, 0, 0
353958, 0, 1, 0
353965, 0, 0, 0
353971, 0, 1, 0
353978, 0, 0, 0
353984, 0, 1, 0
353991, 0, 0, 0
353996, 0, 1, 0
354003, 0, 0, 0
354009, 0, 1, 0
354016, 0, 0, 0
354022, 0, 1, 0
354029, 0, 0, 0
354035, 0, 1, 0
354042, 0, 0, 0
354048, 0, 1, 0
354055, 0, 0, 0
354060, 0, 1, 0
354067, 0, 0, 0
354073, 0, 1, 0
354080, 0, 0, 0
354086, 0, 1, 0
354093, 0, 0, 0
354099, 0, 1, 0
354106, 0, 0, 0
354112, 0, 1, 0
354119, 0, 0, 0
354124, 0, 1, 0
354131, 0, 0, 0
354137, 0, 1, 0
354144, 0, 0, 0
354150, 0, 1, 0
354157, 0, 0, 0
354163, 0, 1, 0
354170, 0, 0, 0
354175, 0, 0, 1
354176, 0, 1, 1
354183, 0, 0, 1
354188, 1, 1, 0
354195, 1, 0, 0
354201, 1, 1, 0
354208, 1, 0, 0
354214, 1, 1, 0
354221, 1, 0, 0
354227, 1, 1, 0
354234, 1, 0, 0
354240, 1, 1, 0
354247, 1, 0, 0
354252, 1, 1, 0
354259, 1, 0, 0
354265, 0, 1, 0
354272, 0, 0, 0
354277, 1, 0, 0
354278, 1, 1, 0
354285, 1, 0, 0
354291, 1, 1, 0
354298, 1, 0, 0
354304, 1, 1, 0
354311, 1, 0, 0
354316, 0, 1, 0
354323, 0, 0, 0
354329, 0, 1, 0
354336, 0, 0, 0
354342, 0, 1, 0
354349, 0, 0, 0
354355, 0, 1, 0
354362, 0, 0, 0
354368, 0, 1, 0
354375, 0, 0, 0
354380, 1, 1, 0
354387, 1, 0, 0
354393, 0, 1, 0
354400, 0, 0, 0
354406, 0, 1, 0
354413, 0, 0, 0
354419, 0, 1, 0
354426, 0, 0, 0
354432, 0, 1, 0
354439, 0, 0, 0
354444, 0, 1, 0
354451, 0, 0, 0
354457, 0, 1, 0
354464, 0, 0, 0
354470, 0, 1, 0
354477, 0, 0, 0
354483, 0, 1, 0
354490, 0, 0, 0
354496, 0, 1, 0
354503, 0, 0, 0
354508, 0, 1, 0
354515, 0, 0, 0
354521, 0, 1, 0
354528, 0, 0, 0
354534, 0, 1, 0
354541, 0, 0, 0
354547, 0, 1, 0
354554, 0, 0, 0
354560, 0, 1, 0
354567, 0, 0, 0
354572, 0, 1, 0
354579, 0, 0, 0
354585, 0, 1, 0
354592, 0, 0, 0
354598, 0, 1, 0
354605, 0, 0, 0
354611, 0, 1, 0
354618, 0, 0, 0
354624, 0, 1, 0
354631, 0, 0, 0
354636, 0, 1, 0
354643, 0, 0, 0
354649, 0, 1, 0
354656, 0, 0, 0
354662, 0, 1, 0
354669, 0, 0, 0
354675, 0, 1, 0
354682, 0, 0, 0
354688, 0, 1, 0
354695, 0, 0, 0
354700, 0, 1, 0
354707, 0, 0, 0
354713, 0, 1, 0
354720, 0, 0, 0
354726, 0, 1, 0
354733, 0, 0, 0
354739, 0, 1, 0
354746, 0, 0, 0
354752, 0, 1, 0
354759, 0, 0, 0
354764, 0, 1, 0
354771, 0, 0, 0
354777, 0, 1, 0
354784, 0, 0, 0
354790, 0, 1, 0
354797, 0, 0, 0
354803, 0, 1, 0
354810, 0, 0, 0
354816, 0, 1, 0
354823, 0, 0, 0
354828, 0, 1, 0
354835, 0, 0, 0
354841, 0, 1, 0
354848, 0, 0, 0
354854, 0, 1, 0
354861, 0, 0, 0
354867, 0, 1, 0
354874, 0, 0, 0
354880, 0, 1, 0
354887, 0, 0, 0
354892, 0, 1, 0
354899, 0, 0, 0
354905, 0, 1, 0
354912, 0, 0, 0
354918, 0, 1, 0
354925, 0, 0, 0
354931, 0, 1, 0
354938, 0, 0, 0
354944, 0, 1, 0
354951, 0, 0, 0
354956, 0, 1, 0
354963, 0, 0, 0
354969, 0, 1, 0
354976, 0, 0, 0
354982, 0, 1, 0
354989, 0, 0, 0
354995, 0, 1, 0
355002, 0, 0, 0
355008, 0, 1, 0
355015, 0, 0, 0
355020, 0, 1, 0
355027, 0, 0, 0
355033, 0, 1, 0
355040, 0, 0, 0
355046, 0, 1, 0
355053, 0, 0, 0
355059, 0, 1, 0
355066, 0, 0, 0
355072, 0, 1, 0
355079, 0, 0, 0
355084, 0, 1, 0
355091, 0, 0, 0
355097, 0, 1, 0
355104, 0, 0, 0
355110, 0, 1, 0
355117, 0, 0, 0
355123, 0, 1, 0
355130, 0, 0, 0
355136, 0, 1, 0
355143, 0, 0, 0
355148, 0, 1, 0
355155, 0, 0, 0
355161, 0, 1, 0
355168, 0, 0, 0
355174, 0, 1, 0
355181, 0, 0, 0
355187, 0, 1, 0
355194, 0, 0, 0
355200, 0, 1, 0
355207, 0, 0, 0
355212, 0, 1, 0
355219, 0, 0, 0
355225, 0, 1, 0
355232, 0, 0, 0
355238, 0, 1, 0
355245, 0, 0, 0
355251, 0, 1, 0
355258, 0, 0, 0
355264, 0, 1, 0
355271, 0, 0, 0
355276, 0, 1, 0
355283, 0, 0, 0
355289, 0, 1, 0
355296, 0, 0, 0
355302, 0, 1, 0
355309, 0, 0, 0
355315, 0, 1, 0
355322, 0, 0, 0
355328, 0, 1, 0
355335, 0, 0, 0
355340, 0, 1, 0
355347, 0, 0, 0
355353, 0, 1, 0
355360, 0, 0, 0
355366, 0, 1, 0
355373, 0, 0, 0
355379, 0, 1, 0
355386, 0, 0, 0
355392, 0, 1, 0
355399, 0, 0, 0
355404, 0, 1, 0
355411, 0, 0, 0
355417, 0, 1, 0
355424, 0, 0, 0
355430, 0, 1, 0
355437, 0, 0, 0
355443, 0, 1, 0
355450, 0, 0, 0
355456, 0, 1, 0
355463, 0, 0, 0
355468, 0, 1, 0
355475, 0, 0, 0
355481, 0, 1, 0
355488, 0, 0, 0
355494, 0, 1, 0
355501, 0, 0, 0
355507, 0, 1, 0
355514, 0, 0, 0
355520, 0, 1, 0
355527, 0, 0, 0
355532, 0, 1, 0
355539, 0, 0, 0
355545, 0, 1, 0
355552, 0, 0, 0
355558, 0, 1, 0
355565, 0, 0, 0
355571, 0, 1, 0
355578, 0, 0, 0
355584, 0, 1, 0
355591, 0, 0, 0
355596, 0, 1, 0
355603, 0, 0, 0
355609, 0, 1, 0
355616, 0, 0, 0
355622, 0, 1, 0
355629, 0, 0, 0
355635, 0, 1, 0
355642, 0, 0, 0
355648, 0, 1, 0
355655, 0, 0, 0
355660, 0, 1, 0
355667, 0, 0, 0
355673, 0, 1, 0
355680, 0, 0, 0
355686, 0, 1, 0
355693, 0, 0, 0
355699, 0, 1, 0
355706, 0, 0, 0
355712, 0, 1, 0
355719, 0, 0, 0
355724, 0, 1, 0
355731, 0, 0, 0
355737, 0, 1, 0
355744, 0, 0, 0
355750, 0, 1, 0
355757, 0, 0, 0
355763, 0, 1, 0
355770, 0, 0, 0
355776, 0, 1, 0
355783, 0, 0, 0
355788, 0, 1, 0
355795, 0, 0, 0
355801, 0, 1, 0
355808, 0, 0, 0
355814, 0, 1, 1
355821, 0, 0, 1
355826, 1, 0, 1
355827, 1, 1, 0
355834, 1, 0, 0
355840, 1, 1, 0
355847, 1, 0, 0
355852, 1, 1, 0
355859, 1, 0, 0
355865, 1, 1, 0
355872, 1, 0, 0
355878, 1, 1, 0
355885, 1, 0, 0
355891, 1, 1, 0
355898, 1, 0, 0
355903, 0, 0, 0
355904, 0, 1, 0
355911, 0, 0, 0
355916, 1, 1, 0
355923, 1, 0, 0
355929, 1, 1, 0
355936, 1, 0, 0
355942, 1, 1, 0
355949, 1, 0, 0
355954, 0, 0, 0
355955, 0, 1, 0
355962, 0, 0, 0
355968, 0, 1, 0
355975, 0, 0, 0
355980, 0, 1, 0
355987, 0, 0, 0
355993, 0, 1, 0
356000, 0, 0, 0
356006, 0, 1, 0
356013, 0, 0, 0
356018, 1, 0, 0
356019, 1, 1, 0
356026, 1, 0, 0
356031, 0, 0, 0
356032, 0, 1, 0
356039, 0, 0, 0
356044, 0, 1, 0
356051, 0, 0, 0
356057, 0, 1, 0
356064, 0, 0, 0
356070, 0, 1, 0
356077, 0, 0, 0
356083, 0, 1, 0
356090, 0, 0, 0
356096, 0, 1, 0
356103, 0, 0, 0
356108, 0, 1, 0
356115, 0, 0, 0
356121, 0, 1, 0
356128, 0, 0, 0
356134, 0, 1, 0
356141, 0, 0, 0
356147, 0, 1, 0
356154, 0, 0, 0
356160, 0, 1, 0
356167, 0, 0, 0
356172, 0, 1, 0
356179, 0, 0, 0
356185, 0, 1, 0
356192, 0, 0, 0
356198, 0, 1, 0
356205, 0, 0, 0
356211, 0, 1, 0
356218, 0, 0, 0
356224, 0, 1, 0
356231, 0, 0, 0
356236, 0, 1, 0
356243, 0, 0, 0
356249, 0, 1, 0
356256, 0, 0, 0
356262, 0, 1, 0
356269, 0, 0, 0
356275, 0, 1, 0
356282, 0, 0, 0
356288, 0, 1, 0
356295, 0, 0, 0
356300, 0, 1, 0
356307, 0, 0, 0
356313, 0, 1, 0
356320, 0, 0, 0
356326, 0, 1, 0
356333, 0, 0, 0
356339, 0, 1, 0
356346, 0, 0, 0
356352, 0, 1, 0
356359, 0, 0, 0
356364, 0, 1, 0
356371, 0, 0, 0
356377, 0, 1, 0
356384, 0, 0, 0
356390, 0, 1, 0
356397, 0, 0, 0
356403, 0, 1, 0
356410, 0, 0, 0
356416, 0, 1, 0
356423, 0, 0, 0
356428, 0, 1, 0
356435, 0, 0, 0
356441, 0, 1, 0
356448, 0, 0, 0
356454, 0, 1, 0
356461, 0, 0, 0
356467, 0, 1, 0
356474, 0, 0, 0
356480, 0, 1, 0
356487, 0, 0, 0
356492, 0, 1, 0
356499, 0, 0, 0
356505, 0, 1, 0
356512, 0, 0, 0
356518, 0, 1, 0
356525, 0, 0, 0
356531, 0, 1, 0
356538, 0, 0, 0
356544, 0, 1, 0
356551, 0, 0, 0
356556, 0, 1, 0
356563, 0, 0, 0
356569, 0, 1, 0
356576, 0, 0, 0
356582, 0, 1, 0
356589, 0, 0, 0
356595, 0, 1, 0
356602, 0, 0, 0
356608, 0, 1, 0
356615, 0, 0, 0
356620, 0, 1, 0
356627, 0, 0, 0
356633, 0, 1, 0
356640, 0, 0, 0
356646, 0, 1, 0
356653, 0, 0, 0
356659, 0, 1, 0
356666, 0, 0, 0
356672, 0, 1, 0
356679, 0, 0, 0
356684, 0, 1, 0
356691, 0, 0, 0
356697, 0, 1, 0
356704, 0, 0, 0
356710, 0, 1, 0
356717, 0, 0, 0
356723, 0, 1, 0
356730, 0, 0, 0
356736, 0, 1, 0
356743, 0, 0, 0
356748, 0, 1, 0
356755, 0, 0, 0
356761, 0, 1, 0
356768, 0, 0, 0
356774, 0, 1, 0
356781, 0, 0, 0
356787, 0, 1, 0
356794, 0, 0, 0
356800, 0, 1, 0
356807, 0, 0, 0
356812, 0, 1, 0
356819, 0, 0, 0
356825, 0, 1, 0
356832, 0, 0, 0
356838, 0, 1, 0
356845, 0, 0, 0
356851, 0, 1, 0
356858, 0, 0, 0
356864, 0, 1, 0
356871, 0, 0, 0
356876, 0, 1, 0
356883, 0, 0, 0
356889, 0, 1, 0
356896, 0, 0, 0
356902, 0, 1, 0
356909, 0, 0, 0
356915, 0, 1, 0
356922, 0, 0, 0
356928, 0, 1, 0
356935, 0, 0, 0
356940, 0, 1, 0
356947, 0, 0, 0
356953, 0, 1, 0
356960, 0, 0, 0
356966, 0, 1, 0
356973, 0, 0, 0
356979, 0, 1, 0
356986, 0, 0, 0
356992, 0, 1, 0
356999, 0, 0, 0
357004, 0, 1, 0
357011, 0, 0, 0
357017, 0, 1, 0
357024, 0, 0, 0
357030, 0, 1, 0
357037, 0, 0, 0
357043, 0, 1, 0
357050, 0, 0, 0
357056, 0, 1, 0
357063, 0, 0, 0
357068, 0, 1, 0
357075, 0, 0, 0
357081, 0, 1, 0
357088, 0, 0, 0
357094, 0, 1, 0
357101, 0, 0, 0
357107, 0, 1, 0
357114, 0, 0, 0
357120, 0, 1, 0
357127, 0, 0, 0
357132, 0, 1, 0
357139, 0, 0, 0
357145, 0, 1, 0
357152, 0, 0, 0
357158, 0, 1, 0
357165, 0, 0, 0
357171, 0, 1, 0
357178, 0, 0, 0
357184, 0, 1, 0
357191, 0, 0, 0
357196, 0, 1, 0
357203, 0, 0, 0
357209, 0, 1, 0
357216, 0, 0, 0
357222, 0, 1, 0
357229, 0, 0, 0
357235, 0, 1, 0
357242, 0, 0, 0
357248, 0, 1, 0
357255, 0, 0, 0
357260, 0, 1, 0
357267, 0, 0, 0
357273, 0, 1, 0
357280, 0, 0, 0
357286, 0, 1, 0
357293, 0, 0, 0
357299, 0, 1, 0
357306, 0, 0, 0
357312, 0, 1, 0
357319, 0, 0, 0
357324, 0, 1, 0
357331, 0, 0, 0
357337, 0, 1, 0
357344, 0, 0, 0
357350, 0, 1, 0
357357, 0, 0, 0
357363, 0, 1, 0
357370, 0, 0, 0
357376, 0, 1, 0
357383, 0, 0, 0
357388, 0, 1, 0
357395, 0, 0, 0
357401, 0, 1, 0
357408, 0, 0, 0
357414, 0, 1, 0
357421, 0, 0, 0
357427, 0, 1, 0
357434, 0, 0, 0
357440, 0, 1, 0
357447, 0, 0, 0
357452, 0, 1, 1
357459, 0, 0, 1
357465, 1, 1, 0
357472, 1, 0, 0
357478, 1, 1, 0
357485, 1, 0, 0
357491, 1, 1, 0
357498, 1, 0, 0
357504, 1, 1, 0
357511, 1, 0, 0
357516, 1, 1, 0
357523, 1, 0, 0
357529, 1, 1, 0
357536, 1, 0, 0
357542, 0, 1, 0
357549, 0, 0, 0
357554, 1, 0, 0
357555, 1, 1, 0
357562, 1, 0, 0
357568, 1, 1, 0
357575, 1, 0, 0
357580, 1, 1, 0
357588, 1, 0, 0
357593, 0, 1, 0
357600, 0, 0, 0
357606, 0, 1, 0
357613, 0, 0, 0
357619, 0, 1, 0
357626, 0, 0, 0
357632, 0, 1, 0
357639, 0, 0, 0
357644, 0, 1, 0
357652, 0, 0, 0
357657, 1, 1, 0
357664, 1, 0, 0
357670, 0, 1, 0
357677, 0, 0, 0
357683, 0, 1, 0
357690, 0, 0, 0
357696, 0, 1, 0
357703, 0, 0, 0
357708, 0, 1, 0
357716, 0, 0, 0
357721, 0, 1, 0
357728, 0, 0, 0
357734, 0, 1, 0
357741, 0, 0, 0
357747, 0, 1, 0
357754, 0, 0, 0
357760, 0, 1, 0
357767, 0, 0, 0
357772, 0, 1, 0
357780, 0, 0, 0
357785, 0, 1, 0
357792, 0, 0, 0
357798, 0, 1, 0
357805, 0, 0, 0
357811, 0, 1, 0
357818, 0, 0, 0
357824, 0, 1, 0
357831, 0, 0, 0
357836, 0, 1, 0
357844, 0, 0, 0
357849, 0, 1, 0
357856, 0, 0, 0
357862, 0, 1, 0
357869, 0, 0, 0
357875, 0, 1, 0
357882, 0, 0, 0
357888, 0, 1, 0
357895, 0, 0, 0
357900, 0, 1, 0
357908, 0, 0, 0
357913, 0, 1, 0
357920, 0, 0, 0
357926, 0, 1, 0
357933, 0, 0, 0
357939, 0, 1, 0
357946, 0, 0, 0
357952, 0, 1, 0
357959, 0, 0, 0
357964, 0, 1, 0
357972, 0, 0, 0
357977, 0, 1, 0
357984, 0, 0, 0
357990, 0, 1, 0
357997, 0, 0, 0
358003, 0, 1, 0
358010, 0, 0, 0
358016, 0, 1, 0
358023, 0, 0, 0
358028, 0, 1, 0
358036, 0, 0, 0
358041, 0, 1, 0
358048, 0, 0, 0
358054, 0, 1, 0
358061, 0, 0, 0
358067, 0, 1, 0
358074, 0, 0, 0
358080, 0, 1, 0
358087, 0, 0, 0
358092, 0, 1, 0
358100, 0, 0, 0
358105, 0, 1, 0
358112, 0, 0, 0
358118, 0, 1, 0
358125, 0, 0, 0
358131, 0, 1, 0
358138, 0, 0, 0
358144, 0, 1, 0
358151, 0, 0, 0
358156, 0, 1, 0
358164, 0, 0, 0
358169, 0, 1, 0
358176, 0, 0, 0
358182, 0, 1, 0
358189, 0, 0, 0
358195, 0, 1, 0
358202, 0, 0, 0
358208, 0, 1, 0
358215, 0, 0, 0
358221, 0, 1, 0
358228, 0, 0, 0
358233, 0, 1, 0
358240, 0, 0, 0
358246, 0, 1, 0
358253, 0, 0, 0
358259, 0, 1, 0
358266, 0, 0, 0
358272, 0, 1, 0
358279, 0, 0, 0
358285, 0, 1, 0
358292, 0, 0, 0
358297, 0, 1, 0
358304, 0, 0, 0
358310, 0, 1, 0
358317, 0, 0, 0
358323, 0, 1, 0
358330, 0, 0, 0
358336, 0, 1, 0
358343, 0, 0, 0
358349, 0, 1, 0
358356, 0, 0, 0
358361, 0, 1, 0
358368, 0, 0, 0
358374, 0, 1, 0
358381, 0, 0, 0
358387, 0, 1, 0
358394, 0, 0, 0
358400, 0, 1, 0
358407, 0, 0, 0
358413, 0, 1, 0
358420, 0, 0, 0
358425, 0, 1, 0
358432, 0, 0, 0
358438, 0, 1, 0
358445, 0, 0, 0
358451, 0, 1, 0
358458, 0, 0, 0
358464, 0, 1, 0
358471, 0, 0, 0
358477, 0, 1, 0
358484, 0, 0, 0
358489, 0, 1, 0
358496, 0, 0, 0
358502, 0, 1, 0
358509, 0, 0, 0
358515, 0, 1, 0
358522, 0, 0, 0
358528, 0, 1, 0
358535, 0, 0, 0
358541, 0, 1, 0
358548, 0, 0, 0
358553, 0, 1, 0
358560, 0, 0, 0
358566, 0, 1, 0
358573, 0, 0, 0
358579, 0, 1, 0
358586, 0, 0, 0
358592, 0, 1, 0
358599, 0, 0, 0
358605, 0, 1, 0
358612, 0, 0, 0
358617, 0, 1, 0
358624, 0, 0, 0
358630, 0, 1, 0
358637, 0, 0, 0
358643, 0, 1, 0
358650, 0, 0, 0
358656, 0, 1, 0
358663, 0, 0, 0
358669, 0, 1, 0
358676, 0, 0, 0
358681, 0, 1, 0
358688, 0, 0, 0
358694, 0, 1, 0
358701, 0, 0, 0
358707, 0, 1, 0
358714, 0, 0, 0
358720, 0, 1, 0
358727, 0, 0, 0
358733, 0, 1, 0
358740, 0, 0, 0
358745, 0, 1, 0
358752, 0, 0, 0
358758, 0, 1, 0
358765, 0, 0, 0
358771, 0, 1, 0
358778, 0, 0, 0
358784, 0, 1, 0
358791, 0, 0, 0
358797, 0, 1, 0
358804, 0, 0, 0
358809, 0, 1, 0
358816, 0, 0, 0
358822, 0, 1, 0
358829, 0, 0, 0
358835, 0, 1, 0
358842, 0, 0, 0
358848, 0, 1, 0
358855, 0, 0, 0
358861, 0, 1, 0
358868, 0, 0, 0
358873, 0, 1, 0
358880, 0, 0, 0
358886, 0, 1, 0
358893, 0, 0, 0
358899, 0, 1, 0
358906, 0, 0, 0
358912, 0, 1, 0
358919, 0, 0, 0
358925, 0, 1, 0
358932, 0, 0, 0
358937, 0, 1, 0
358944, 0, 0, 0
358950, 0, 1, 0
358957, 0, 0, 0
358963, 0, 1, 0
358970, 0, 0, 0
358976, 0, 1, 0
358983, 0, 0, 0
358989, 0, 1, 0
358996, 0, 0, 0
359001, 0, 1, 0
359008, 0, 0, 0
359014, 0, 1, 0
359021, 0, 0, 0
359027, 0, 1, 0
359034, 0, 0, 0
359040, 0, 1, 0
359047, 0, 0, 0
359053, 0, 1, 0
359060, 0, 0, 0
359065, 0, 1, 0
359072, 0, 0, 0
359078, 0, 1, 0
359085, 0, 0, 0
359091, 0, 1, 1
359098, 0, 0, 1
359103, 1, 0, 1
359104, 1, 1, 0
359111, 1, 0, 0
359117, 1, 1, 0
359124, 1, 0, 0
359129, 1, 1, 0
359136, 1, 0, 0
359142, 1, 1, 0
359149, 1, 0, 0
359155, 1, 1, 0
359162, 1, 0, 0
359168, 1, 1, 0
359175, 1, 0, 0
359180, 0, 0, 0
359181, 0, 1, 0
359188, 0, 0, 0
359193, 1, 1, 0
359200, 1, 0, 0
359206, 1, 1, 0
359213, 1, 0, 0
359219, 1, 1, 0
359226, 1, 0, 0
359231, 0, 0, 0
359232, 0, 1, 0
359239, 0, 0, 0
359245, 0, 1, 0
359252, 0, 0, 0
359257, 0, 1, 0
359264, 0, 0, 0
359270, 0, 1, 0
359277, 0, 0, 0
359283, 0, 1, 0
359290, 0, 0, 0
359295, 1, 0, 0
359296, 1, 1, 0
359303, 1, 0, 0
359308, 0, 0, 0
359309, 0, 1, 0
359316, 0, 0, 0
359321, 0, 1, 0
359328, 0, 0, 0
359334, 0, 1, 0
359341, 0, 0, 0
359347, 0, 1, 0
359354, 0, 0, 0
359360, 0, 1, 0
359367, 0, 0, 0
359373, 0, 1, 0
359380, 0, 0, 0
359385, 0, 1, 0
359392, 0, 0, 0
359398, 0, 1, 0
359405, 0, 0, 0
359411, 0, 1, 0
359418, 0, 0, 0
359424, 0, 1, 0
359431, 0, 0, 0
359437, 0, 1, 0
359444, 0, 0, 0
359449, 0, 1, 0
359456, 0, 0, 0
359462, 0, 1, 0
359469, 0, 0, 0
359475, 0, 1, 0
359482, 0, 0, 0
359488, 0, 1, 0
359495, 0, 0, 0
359501, 0, 1, 0
359508, 0, 0, 0
359513, 0, 1, 0
359520, 0, 0, 0
359526, 0, 1, 0
359533, 0, 0, 0
359539, 0, 1, 0
359546, 0, 0, 0
359552, 0, 1, 0
359559, 0, 0, 0
359565, 0, 1, 0
359572, 0, 0, 0
359577, 0, 1, 0
359584, 0, 0, 0
359590, 0, 1, 0
359597, 0, 0, 0
359603, 0, 1, 0
359610, 0, 0, 0
359616, 0, 1, 0
359623, 0, 0, 0
359629, 0, 1, 0
359636, 0, 0, 0
359641, 0, 1, 0
359648, 0, 0, 0
359654, 0, 1, 0
359661, 0, 0, 0
359667, 0, 1, 0
359674, 0, 0, 0
359680, 0, 1, 0
359687, 0, 0, 0
359693, 0, 1, 0
359700, 0, 0, 0
359705, 0, 1, 0
359712, 0, 0, 0
359718, 0, 1, 0
359725, 0, 0, 0
359731, 0, 1, 0
359738, 0, 0, 0
359744, 0, 1, 0
359751, 0, 0, 0
359757, 0, 1, 0
359764, 0, 0, 0
359769, 0, 1, 0
359776, 0, 0, 0
359782, 0, 1, 0
359789, 0, 0, 0
359795, 0, 1, 0
359802, 0, 0, 0
359808, 0, 1, 0
359815, 0, 0, 0
359821, 0, 1, 0
359828, 0, 0, 0
359833, 0, 1, 0
359840, 0, 0, 0
359846, 0, 1, 0
359853, 0, 0, 0
359859, 0, 1, 0
359866, 0, 0, 0
359872, 0, 1, 0
359879, 0, 0, 0
359885, 0, 1, 0
359892, 0, 0, 0
359897, 0, 1, 0
359904, 0, 0, 0
359910, 0, 1, 0
359917, 0, 0, 0
359923, 0, 1, 0
359930, 0, 0, 0
359936, 0, 1, 0
359943, 0, 0, 0
359949, 0, 1, 0
359956, 0, 0, 0
359961, 0, 1, 0
359968, 0, 0, 0
359974, 0, 1, 0
359981, 0, 0, 0
359987, 0, 1, 0
359994, 0, 0, 0
360000, 0, 1, 0
360007, 0, 0, 0
360013, 0, 1, 0
360020, 0, 0, 0
360025, 0, 1, 0
360032, 0, 0, 0
360038, 0, 1, 0
360045, 0, 0, 0
360051, 0, 1, 0
360058, 0, 0, 0
360064, 0, 1, 0
360071, 0, 0, 0
360077, 0, 1, 0
360084, 0, 0, 0
360089, 0, 1, 0
360096, 0, 0, 0
360102, 0, 1, 0
360109, 0, 0, 0
360115, 0, 1, 0
360122, 0, 0, 0
360128, 0, 1, 0
360135, 0, 0, 0
360141, 0, 1, 0
360148, 0, 0, 0
360153, 0, 1, 0
360160, 0, 0, 0
360166, 0, 1, 0
360173, 0, 0, 0
360179, 0, 1, 0
360186, 0, 0, 0
360192, 0, 1, 0
360199, 0, 0, 0
360205, 0, 1, 0
360212, 0, 0, 0
360217, 0, 1, 0
360224, 0, 0, 0
360230, 0, 1, 0
360237, 0, 0, 0
360243, 0, 1, 0
360250, 0, 0, 0
360256, 0, 1, 0
360263, 0, 0, 0
360269, 0, 1, 0
360276, 0, 0, 0
360281, 0, 1, 0
360288, 0, 0, 0
360294, 0, 1, 0
360301, 0, 0, 0
360307, 0, 1, 0
360314, 0, 0, 0
360320, 0, 1, 0
360327, 0, 0, 0
360333, 0, 1, 0
360340, 0, 0, 0
360345, 0, 1, 0
360352, 0, 0, 0
360358, 0, 1, 0
360365, 0, 0, 0
360371, 0, 1, 0
360378, 0, 0, 0
360384, 0, 1, 0
360391, 0, 0, 0
360397, 0, 1, 0
360404, 0, 0, 0
360409, 0, 1, 0
360416, 0, 0, 0
360422, 0, 1, 0
360429, 0, 0, 0
360435, 0, 1, 0
360442, 0, 0, 0
360448, 0, 1, 0
360455, 0, 0, 0
360461, 0, 1, 0
360468, 0, 0, 0
360473, 0, 1, 0
360480, 0, 0, 0
360486, 0, 1, 0
360493, 0, 0, 0
360499, 0, 1, 0
360506, 0, 0, 0
360512, 0, 1, 0
360519, 0, 0, 0
360525, 0, 1, 0
360532, 0, 0, 0
360537, 0, 1, 0
360544, 0, 0, 0
360550, 0, 1, 0
360557, 0, 0, 0
360563, 0, 1, 0
360570, 0, 0, 0
360576, 0, 1, 0
360583, 0, 0, 0
360589, 0, 1, 0
360596, 0, 0, 0
360601, 0, 1, 0
360608, 0, 0, 0
360614, 0, 1, 0
360621, 0, 0, 0
360627, 0, 1, 0
360634, 0, 0, 0
360640, 0, 1, 0
360647, 0, 0, 0
360653, 0, 1, 0
360660, 0, 0, 0
360665, 0, 1, 0
360672, 0, 0, 0
360678, 0, 1, 0
360685, 0, 0, 0
360691, 0, 1, 0
360698, 0, 0, 0
360704, 0, 1, 0
360711, 0, 0, 0
360717, 0, 1, 0
360724, 0, 0, 0
360729, 0, 1, 1
360736, 0, 0, 1
360742, 1, 1, 0
360749, 1, 0, 0
360755, 1, 1, 0
360762, 1, 0, 0
360768, 1, 1, 0
360775, 1, 0, 0
360781, 1, 1, 0
360788, 1, 0, 0
360793, 1, 1, 0
360800, 1, 0, 0
360806, 1, 1, 0
360813, 1, 0, 0
360819, 0, 1, 0
360826, 0, 0, 0
360831, 1, 0, 0
360832, 1, 1, 0
360839, 1, 0, 0
360845, 1, 1, 0
360852, 1, 0, 0
360857, 1, 1, 0
360864, 1, 0, 0
360870, 0, 1, 0
360877, 0, 0, 0
360883, 0, 1, 0
360890, 0, 0, 0
360896, 0, 1, 0
360903, 0, 0, 0
360909, 0, 1, 0
360916, 0, 0, 0
360921, 0, 1, 0
360928, 0, 0, 0
360934, 1, 1, 0
360941, 1, 0, 0
360947, 0, 1, 0
360954, 0, 0, 0
360960, 0, 1, 0
360967, 0, 0, 0
360973, 0, 1, 0
360980, 0, 0, 0
360985, 0, 1, 0
360992, 0, 0, 0
360998, 0, 1, 0
361005, 0, 0, 0
361011, 0, 1, 0
361018, 0, 0, 0
361024, 0, 1, 0
361031, 0, 0, 0
361037, 0, 1, 0
361044, 0, 0, 0
361049, 0, 1, 0
361056, 0, 0, 0
361062, 0, 1, 0
361069, 0, 0, 0
361075, 0, 1, 0
361082, 0, 0, 0
361088, 0, 1, 0
361095, 0, 0, 0
361101, 0, 1, 0
361108, 0, 0, 0
361113, 0, 1, 0
361120, 0, 0, 0
361126, 0, 1, 0
361133, 0, 0, 0
361139, 0, 1, 0
361146, 0, 0, 0
361152, 0, 1, 0
361159, 0, 0, 0
361165, 0, 1, 0
361172, 0, 0, 0
361177, 0, 1, 0
361184, 0, 0, 0
361190, 0, 1, 0
361197, 0, 0, 0
361203, 0, 1, 0
361210, 0, 0, 0
361216, 0, 1, 0
361223, 0, 0, 0
361229, 0, 1, 0
361236, 0, 0, 0
361241, 0, 1, 0
361248, 0, 0, 0
361254, 0, 1, 0
361261, 0, 0, 0
361267, 0, 1, 0
361274, 0, 0, 0
361280, 0, 1, 0
361287, 0, 0, 0
361293, 0, 1, 0
361300, 0, 0, 0
361305, 0, 1, 0
361312, 0, 0, 0
361318, 0, 1, 0
361325, 0, 0, 0
361331, 0, 1, 0
361338, 0, 0, 0
361344, 0, 1, 0
361351, 0, 0, 0
361357, 0, 1, 0
361364, 0, 0, 0
361369, 0, 1, 0
361376, 0, 0, 0
361382, 0, 1, 0
361389, 0, 0, 0
361395, 0, 1, 0
361402, 0, 0, 0
361408, 0, 1, 0
361415, 0, 0, 0
361421, 0, 1, 0
361428, 0, 0, 0
361433, 0, 1, 0
361440, 0, 0, 0
361446, 0, 1, 0
361453, 0, 0, 0
361459, 0, 1, 0
361466, 0, 0, 0
361472, 0, 1, 0
361479, 0, 0, 0
361485, 0, 1, 0
361492, 0, 0, 0
361497, 0, 1, 0
361504, 0, 0, 0
361510, 0, 1, 0
361517, 0, 0, 0
361523, 0, 1, 0
361530, 0, 0, 0
361536, 0, 1, 0
361543, 0, 0, 0
361549, 0, 1, 0
361556, 0, 0, 0
361561, 0, 1, 0
361568, 0, 0, 0
361574, 0, 1, 0
361581, 0, 0, 0
361587, 0, 1, 0
361594, 0, 0, 0
361600, 0, 1, 0
361607, 0, 0, 0
361613, 0, 1, 0
361620, 0, 0, 0
361625, 0, 1, 0
361632, 0, 0, 0
361638, 0, 1, 0
361645, 0, 0, 0
361651, 0, 1, 0
361658, 0, 0, 0
361664, 0, 1, 0
361671, 0, 0, 0
361677, 0, 1, 0
361684, 0, 0, 0
361689, 0, 1, 0
361696, 0, 0, 0
361702, 0, 1, 0
361709, 0, 0, 0
361715, 0, 1, 0
361722, 0, 0, 0
361728, 0, 1, 0
361735, 0, 0, 0
361741, 0, 1, 0
361748, 0, 0, 0
361753, 0, 1, 0
361760, 0, 0, 0
361766, 0, 1, 0
361773, 0, 0, 0
361779, 0, 1, 0
361786, 0, 0, 0
361792, 0, 1, 0
361799, 0, 0, 0
361805, 0, 1, 0
361812, 0, 0, 0
361817, 0, 1, 0
361824, 0, 0, 0
361830, 0, 1, 0
361837, 0, 0, 0
361843, 0, 1, 0
361850, 0, 0, 0
361856, 0, 1, 0
361863, 0, 0, 0
361869, 0, 1, 0
361876, 0, 0, 0
361881, 0, 1, 0
361888, 0, 0, 0
361894, 0, 1, 0
361901, 0, 0, 0
361907, 0, 1, 0
361914, 0, 0, 0
361920, 0, 1, 0
361927, 0, 0, 0
361933, 0, 1, 0
361940, 0, 0, 0
361945, 0, 1, 0
361952, 0, 0, 0
361958, 0, 1, 0
361965, 0, 0, 0
361971, 0, 1, 0
361978, 0, 0, 0
361984, 0, 1, 0
361991, 0, 0, 0
361997, 0, 1, 0
362004, 0, 0, 0
362009, 0, 1, 0
362016, 0, 0, 0
362022, 0, 1, 0
362029, 0, 0, 0
362035, 0, 1, 0
362042, 0, 0, 0
362048, 0, 1, 0
362055, 0, 0, 0
362061, 0, 1, 0
362068, 0, 0, 0
362073, 0, 1, 0
362080, 0, 0, 0
362086, 0, 1, 0
362093, 0, 0, 0
362099, 0, 1, 0
362106, 0, 0, 0
362112, 0, 1, 0
362119, 0, 0, 0
362125, 0, 1, 0
362132, 0, 0, 0
362137, 0, 1, 0
362144, 0, 0, 0
362150, 0, 1, 0
362157, 0, 0, 0
362163, 0, 1, 0
362170, 0, 0, 0
362176, 0, 1, 0
362183, 0, 0, 0
362189, 0, 1, 0
362196, 0, 0, 0
362201, 0, 1, 0
362208, 0, 0, 0
362214, 0, 1, 0
362221, 0, 0, 0
362227, 0, 1, 0
362234, 0, 0, 0
362240, 0, 1, 0
362247, 0, 0, 0
362253, 0, 1, 0
362260, 0, 0, 0
362265, 0, 1, 0
362272, 0, 0, 0
362278, 0, 1, 0
362285, 0, 0, 0
362291, 0, 1, 0
362298, 0, 0, 0
362304, 0, 1, 0
362311, 0, 0, 0
362317, 0, 1, 0
362324, 0, 0, 0
362329, 0, 1, 0
362336, 0, 0, 0
362342, 0, 1, 0
362349, 0, 0, 0
362355, 0, 1, 0
362362, 0, 0, 0
362368, 0, 1, 1
362375, 0, 0, 1
362380, 1, 0, 0
362381, 1, 1, 0
362388, 1, 0, 0
362393, 1, 1, 0
362400, 1, 0, 0
362406, 1, 1, 0
362413, 1, 0, 0
362419, 1, 1, 0
362426, 1, 0, 0
362432, 1, 1, 0
362439, 1, 0, 0
362445, 1, 1, 0
362452, 1, 0, 0
362457, 0, 1, 0
362465, 0, 0, 0
362470, 1, 1, 0
362477, 1, 0, 0
362483, 1, 1, 0
362490, 1, 0, 0
362496, 1, 1, 0
362503, 1, 0, 0
362508, 0, 0, 0
362509, 0, 1, 0
362516, 0, 0, 0
362521, 0, 1, 0
362529, 0, 0, 0
362534, 0, 1, 0
362541, 0, 0, 0
362547, 0, 1, 0
362554, 0, 0, 0
362560, 0, 1, 0
362567, 0, 0, 0
362572, 1, 0, 0
362573, 1, 1, 0
362580, 1, 0, 0
362585, 0, 1, 0
362593, 0, 0, 0
362598, 0, 1, 0
362605, 0, 0, 0
362611, 0, 1, 0
362618, 0, 0, 0
362624, 0, 1, 0
362631, 0, 0, 0
362637, 0, 1, 0
362644, 0, 0, 0
362649, 0, 1, 0
362657, 0, 0, 0
362662, 0, 1, 0
362669, 0, 0, 0
362675, 0, 1, 0
362682, 0, 0, 0
362688, 0, 1, 0
362695, 0, 0, 0
362701, 0, 1, 0
362708, 0, 0, 0
362713, 0, 1, 0
362721, 0, 0, 0
362726, 0, 1, 0
362733, 0, 0, 0
362739, 0, 1, 0
362746, 0, 0, 0
362752, 0, 1, 0
362759, 0, 0, 0
362765, 0, 1, 0
362772, 0, 0, 0
362777, 0, 1, 0
362785, 0, 0, 0
362790, 0, 1, 0
362797, 0, 0, 0
362803, 0, 1, 0
362810, 0, 0, 0
362816, 0, 1, 0
362823, 0, 0, 0
362829, 0, 1, 0
362836, 0, 0, 0
362841, 0, 1, 0
362849, 0, 0, 0
362854, 0, 1, 0
362861, 0, 0, 0
362867, 0, 1, 0
362874, 0, 0, 0
362880, 0, 1, 0
362887, 0, 0, 0
362893, 0, 1, 0
362900, 0, 0, 0
362905, 0, 1, 0
362913, 0, 0, 0
362918, 0, 1, 0
362925, 0, 0, 0
362931, 0, 1, 0
362938, 0, 0, 0
362944, 0, 1, 0
362951, 0, 0, 0
362957, 0, 1, 0
362964, 0, 0, 0
362969, 0, 1, 0
362977, 0, 0, 0
362982, 0, 1, 0
362989, 0, 0, 0
362995, 0, 1, 0
363002, 0, 0, 0
363008, 0, 1, 0
363015, 0, 0, 0
363021, 0, 1, 0
363028, 0, 0, 0
363033, 0, 1, 0
363041, 0, 0, 0
363046, 0, 1, 0
363053, 0, 0, 0
363059, 0, 1, 0
363066, 0, 0, 0
363072, 0, 1, 0
363079, 0, 0, 0
363085, 0, 1, 0
363092, 0, 0, 0
363098, 0, 1, 0
363105, 0, 0, 0
363110, 0, 1, 0
363117, 0, 0, 0
363123, 0, 1, 0
363130, 0, 0, 0
363136, 0, 1, 0
363143, 0, 0, 0
363149, 0, 1, 0
363156, 0, 0, 0
363162, 0, 1, 0
363169, 0, 0, 0
363174, 0, 1, 0
363181, 0, 0, 0
363187, 0, 1, 0
363194, 0, 0, 0
363200, 0, 1, 0
363207, 0, 0, 0
363213, 0, 1, 0
363220, 0, 0, 0
363226, 0, 1, 0
363233, 0, 0, 0
363238, 0, 1, 0
363245, 0, 0, 0
363251, 0, 1, 0
363258, 0, 0, 0
363264, 0, 1, 0
363271, 0, 0, 0
363277, 0, 1, 0
363284, 0, 0, 0
363290, 0, 1, 0
363297, 0, 0, 0
363302, 0, 1, 0
363309, 0, 0, 0
363315, 0, 1, 0
363322, 0, 0, 0
363328, 0, 1, 0
363335, 0, 0, 0
363341, 0, 1, 0
363348, 0, 0, 0
363354, 0, 1, 0
363361, 0, 0, 0
363366, 0, 1, 0
363373, 0, 0, 0
363379, 0, 1, 0
363386, 0, 0, 0
363392, 0, 1, 0
363399, 0, 0, 0
363405, 0, 1, 0
363412, 0, 0, 0
363418, 0, 1, 0
363425, 0, 0, 0
363430, 0, 1, 0
363437, 0, 0, 0
363443, 0, 1, 0
363450, 0, 0, 0
363456, 0, 1, 0
363463, 0, 0, 0
363469, 0, 1, 0
363476, 0, 0, 0
363482, 0, 1, 0
363489, 0, 0, 0
363494, 0, 1, 0
363501, 0, 0, 0
363507, 0, 1, 0
363514, 0, 0, 0
363520, 0, 1, 0
363527, 0, 0, 0
363533, 0, 1, 0
363540, 0, 0, 0
363546, 0, 1, 0
363553, 0, 0, 0
363558, 0, 1, 0
363565, 0, 0, 0
363571, 0, 1, 0
363578, 0, 0, 0
363584, 0, 1, 0
363591, 0, 0, 0
363597, 0, 1, 0
363604, 0, 0, 0
363610, 0, 1, 0
363617, 0, 0, 0
363622, 0, 1, 0
363629, 0, 0, 0
363635, 0, 1, 0
363642, 0, 0, 0
363648, 0, 1, 0
363655, 0, 0, 0
363661, 0, 1, 0
363668, 0, 0, 0
363674, 0, 1, 0
363681, 0, 0, 0
363686, 0, 1, 0
363693, 0, 0, 0
363699, 0, 1, 0
363706, 0, 0, 0
363712, 0, 1, 0
363719, 0, 0, 0
363725, 0, 1, 0
363732, 0, 0, 0
363738, 0, 1, 0
363745, 0, 0, 0
363750, 0, 1, 0
363757, 0, 0, 0
363763, 0, 1, 0
363770, 0, 0, 0
363776, 0, 1, 0
363783, 0, 0, 0
363789, 0, 1, 0
363796, 0, 0, 0
363802, 0, 1, 0
363809, 0, 0, 0
363814, 0, 1, 0
363821, 0, 0, 0
363827, 0, 1, 0
363834, 0, 0, 0
363840, 0, 1, 0
363847, 0, 0, 0
363853, 0, 1, 0
363860, 0, 0, 0
363866, 0, 1, 0
363873, 0, 0, 0
363878, 0, 1, 0
363885, 0, 0, 0
363891, 0, 1, 0
363898, 0, 0, 0
363904, 0, 1, 0
363911, 0, 0, 0
363917, 0, 1, 0
363924, 0, 0, 0
363930, 0, 1, 0
363937, 0, 0, 0
363942, 0, 1, 0
363949, 0, 0, 0
363955, 0, 1, 0
363962, 0, 0, 0
363968, 0, 1, 0
363975, 0, 0, 0
363981, 0, 1, 0
363988, 0, 0, 0
363994, 0, 1, 0
364001, 0, 0, 0
364006, 0, 1, 1
364013, 0, 0, 1
364019, 1, 1, 0
364026, 1, 0, 0
364032, 1, 1, 0
364039, 1, 0, 0
364045, 1, 1, 0
364052, 1, 0, 0
364058, 1, 1, 0
364065, 1, 0, 0
364070, 1, 1, 0
364077, 1, 0, 0
364083, 1, 1, 0
364090, 1, 0, 0
364096, 0, 1, 0
364103, 0, 0, 0
364108, 1, 0, 0
364109, 1, 1, 0
364116, 1, 0, 0
364122, 1, 1, 0
364129, 1, 0, 0
364134, 1, 1, 0
364141, 1, 0, 0
364147, 0, 1, 0
364154, 0, 0, 0
364160, 0, 1, 0
364167, 0, 0, 0
364173, 0, 1, 0
364180, 0, 0, 0
364186, 0, 1, 0
364193, 0, 0, 0
364198, 0, 1, 0
364205, 0, 0, 0
364211, 1, 1, 0
364218, 1, 0, 0
364224, 0, 1, 0
364231, 0, 0, 0
364237, 0, 1, 0
364244, 0, 0, 0
364250, 0, 1, 0
364257, 0, 0, 0
364262, 0, 1, 0
364269, 0, 0, 0
364275, 0, 1, 0
364282, 0, 0, 0
364288, 0, 1, 0
364295, 0, 0, 0
364301, 0, 1, 0
364308, 0, 0, 0
364314, 0, 1, 0
364321, 0, 0, 0
364326, 0, 1, 0
364333, 0, 0, 0
364339, 0, 1, 0
364346, 0, 0, 0
364352, 0, 1, 0
364359, 0, 0, 0
364365, 0, 1, 0
364372, 0, 0, 0
364378, 0, 1, 0
364385, 0, 0, 0
364390, 0, 1, 0
364397, 0, 0, 0
364403, 0, 1, 0
364410, 0, 0, 0
364416, 0, 1, 0
364423, 0, 0, 0
364429, 0, 1, 0
364436, 0, 0, 0
364442, 0, 1, 0
364449, 0, 0, 0
364454, 0, 1, 0
364461, 0, 0, 0
364467, 0, 1, 0
364474, 0, 0, 0
364480, 0, 1, 0
364487, 0, 0, 0
364493, 0, 1, 0
364500, 0, 0, 0
364506, 0, 1, 0
364513, 0, 0, 0
364518, 0, 1, 0
364525, 0, 0, 0
364531, 0, 1, 0
364538, 0, 0, 0
364544, 0, 1, 0
364551, 0, 0, 0
364557, 0, 1, 0
364564, 0, 0, 0
364570, 0, 1, 0
364577, 0, 0, 0
364582, 0, 1, 0
364589, 0, 0, 0
364595, 0, 1, 0
364602, 0, 0, 0
364608, 0, 1, 0
364615, 0, 0, 0
364621, 0, 1, 0
364628, 0, 0, 0
364634, 0, 1, 0
364641, 0, 0, 0
364646, 0, 1, 0
364653, 0, 0, 0
364659, 0, 1, 0
364666, 0, 0, 0
364672, 0, 1, 0
364679, 0, 0, 0
364685, 0, 1, 0
364692, 0, 0, 0
364698, 0, 1, 0
364705, 0, 0, 0
364710, 0, 1, 0
364717, 0, 0, 0
364723, 0, 1, 0
364730, 0, 0, 0
364736, 0, 1, 0
364743, 0, 0, 0
364749, 0, 1, 0
364756, 0, 0, 0
364762, 0, 1, 0
364769, 0, 0, 0
364774, 0, 1, 0
364781, 0, 0, 0
364787, 0, 1, 0
364794, 0, 0, 0
364800, 0, 1, 0
364807, 0, 0, 0
364813, 0, 1, 0
364820, 0, 0, 0
364826, 0, 1, 0
364833, 0, 0, 0
364838, 0, 1, 0
364845, 0, 0, 0
364851, 0, 1, 0
364858, 0, 0, 0
364864, 0, 1, 0
364871, 0, 0, 0
364877, 0, 1, 0
364884, 0, 0, 0
364890, 0, 1, 0
364897, 0, 0, 0
364902, 0, 1, 0
364909, 0, 0, 0
364915, 0, 1, 0
364922, 0, 0, 0
364928, 0, 1, 0
364935, 0, 0, 0
364941, 0, 1, 0
364948, 0, 0, 0
364954, 0, 1, 0
364961, 0, 0, 0
364966, 0, 1, 0
364973, 0, 0, 0
364979, 0, 1, 0
364986, 0, 0, 0
364992, 0, 1, 0
364999, 0, 0, 0
365005, 0, 1, 0
365012, 0, 0, 0
365018, 0, 1, 0
365025, 0, 0, 0
365030, 0, 1, 0
365037, 0, 0, 0
365043, 0, 1, 0
365050, 0, 0, 0
365056, 0, 1, 0
365063, 0, 0, 0
365069, 0, 1, 0
365076, 0, 0, 0
365082, 0, 1, 0
365089, 0, 0, 0
365094, 0, 1, 0
365101, 0, 0, 0
365107, 0, 1, 0
365114, 0, 0, 0
365120, 0, 1, 0
365127, 0, 0, 0
365133, 0, 1, 0
365140, 0, 0, 0
365146, 0, 1, 0
365153, 0, 0, 0
365158, 0, 1, 0
365165, 0, 0, 0
365171, 0, 1, 0
365178, 0, 0, 0
365184, 0, 1, 0
365191, 0, 0, 0
365197, 0, 1, 0
365204, 0, 0, 0
365210, 0, 1, 0
365217, 0, 0, 0
365222, 0, 1, 0
365229, 0, 0, 0
365235, 0, 1, 0
365242, 0, 0, 0
365248, 0, 1, 0
365255, 0, 0, 0
365261, 0, 1, 0
365268, 0, 0, 0
365274, 0, 1, 0
365281, 0, 0, 0
365286, 0, 1, 0
365293, 0, 0, 0
365299, 0, 1, 0
365306, 0, 0, 0
365312, 0, 1, 0
365319, 0, 0, 0
365325, 0, 1, 0
365332, 0, 0, 0
365338, 0, 1, 0
365345, 0, 0, 0
365350, 0, 1, 0
365357, 0, 0, 0
365363, 0, 1, 0
365370, 0, 0, 0
365376, 0, 1, 0
365383, 0, 0, 0
365389, 0, 1, 0
365396, 0, 0, 0
365402, 0, 1, 0
365409, 0, 0, 0
365414, 0, 1, 0
365421, 0, 0, 0
365427, 0, 1, 0
365434, 0, 0, 0
365440, 0, 1, 0
365447, 0, 0, 0
365453, 0, 1, 0
365460, 0, 0, 0
365466, 0, 1, 0
365473, 0, 0, 0
365478, 0, 1, 0
365485, 0, 0, 0
365491, 0, 1, 0
365498, 0, 0, 0
365504, 0, 1, 0
365511, 0, 0, 0
365517, 0, 1, 0
365524, 0, 0, 0
365530, 0, 1, 0
365537, 0, 0, 0
365542, 0, 1, 0
365549, 0, 0, 0
365555, 0, 1, 0
365562, 0, 0, 0
365568, 0, 1, 0
365575, 0, 0, 0
365581, 0, 1, 0
365588, 0, 0, 0
365594, 0, 1, 0
365601, 0, 0, 0
365606, 0, 1, 0
365613, 0, 0, 0
365619, 0, 1, 0
365626, 0, 0, 0
365632, 0, 1, 0
365639, 0, 0, 0
365645, 0, 1, 1
365652, 0, 0, 1
365657, 1, 0, 0
365658, 1, 1, 0
365665, 1, 0, 0
365670, 1, 1, 0
365677, 1, 0, 0
365683, 1, 1, 0
365690, 1, 0, 0
365696, 1, 1, 0
365703, 1, 0, 0
365709, 1, 1, 0
365716, 1, 0, 0
365722, 1, 1, 0
365729, 1, 0, 0
365734, 0, 1, 0
365741, 0, 0, 0
365747, 1, 1, 0
365754, 1, 0, 0
365760, 1, 1, 0
365767, 1, 0, 0
365773, 1, 1, 0
365780, 1, 0, 0
365785, 0, 0, 0
365786, 0, 1, 0
365793, 0, 0, 0
365798, 0, 1, 0
365805, 0, 0, 0
365811, 0, 1, 0
365818, 0, 0, 0
365824, 0, 1, 0
365831, 0, 0, 0
365837, 0, 1, 0
365844, 0, 0, 0
365849, 1, 0, 0
365850, 1, 1, 0
365857, 1, 0, 0
365862, 0, 1, 0
365869, 0, 0, 0
365875, 0, 1, 0
365882, 0, 0, 0
365888, 0, 1, 0
365895, 0, 0, 0
365901, 0, 1, 0
365908, 0, 0, 0
365914, 0, 1, 0
365921, 0, 0, 0
365926, 0, 1, 0
365933, 0, 0, 0
365939, 0, 1, 0
365946, 0, 0, 0
365952, 0, 1, 0
365959, 0, 0, 0
365965, 0, 1, 0
365972, 0, 0, 0
365978, 0, 1, 0
365985, 0, 0, 0
365990, 0, 1, 0
365997, 0, 0, 0
366003, 0, 1, 0
366010, 0, 0, 0
366016, 0, 1, 0
366023, 0, 0, 0
366029, 0, 1, 0
366036, 0, 0, 0
366042, 0, 1, 0
366049, 0, 0, 0
366054, 0, 1, 0
366061, 0, 0, 0
366067, 0, 1, 0
366074, 0, 0, 0
366080, 0, 1, 0
366087, 0, 0, 0
366093, 0, 1, 0
366100, 0, 0, 0
366106, 0, 1, 0
366113, 0, 0, 0
366118, 0, 1, 0
366125, 0, 0, 0
366131, 0, 1, 0
366138, 0, 0, 0
366144, 0, 1, 0
366151, 0, 0, 0
366157, 0, 1, 0
366164, 0, 0, 0
366170, 0, 1, 0
366177, 0, 0, 0
366182, 0, 1, 0
366189, 0, 0, 0
366195, 0, 1, 0
366202, 0, 0, 0
366208, 0, 1, 0
366215, 0, 0, 0
366221, 0, 1, 0
366228, 0, 0, 0
366234, 0, 1, 0
366241, 0, 0, 0
366246, 0, 1, 0
366253, 0, 0, 0
366259, 0, 1, 0
366266, 0, 0, 0
366272, 0, 1, 0
366279, 0, 0, 0
366285, 0, 1, 0
366292, 0, 0, 0
366298, 0, 1, 0
366305, 0, 0, 0
366310, 0, 1, 0
366317, 0, 0, 0
366323, 0, 1, 0
366330, 0, 0, 0
366336, 0, 1, 0
366343, 0, 0, 0
366349, 0, 1, 0
366356, 0, 0, 0
366362, 0, 1, 0
366369, 0, 0, 0
366374, 0, 1, 0
366381, 0, 0, 0
366387, 0, 1, 0
366394, 0, 0, 0
366400, 0, 1, 0
366407, 0, 0, 0
366413, 0, 1, 0
366420, 0, 0, 0
366426, 0, 1, 0
366433, 0, 0, 0
366438, 0, 1, 0
366445, 0, 0, 0
366451, 0, 1, 0
366458, 0, 0, 0
366464, 0, 1, 0
366471, 0, 0, 0
366477, 0, 1, 0
366484, 0, 0, 0
366490, 0, 1, 0
366497, 0, 0, 0
366502, 0, 1, 0
366509, 0, 0, 0
366515, 0, 1, 0
366522, 0, 0, 0
366528, 0, 1, 0
366535, 0, 0, 0
366541, 0, 1, 0
366548, 0, 0, 0
366554, 0, 1, 0
366561, 0, 0, 0
366566, 0, 1, 0
366573, 0, 0, 0
366579, 0, 1, 0
366586, 0, 0, 0
366592, 0, 1, 0
366599, 0, 0, 0
366605, 0, 1, 0
366612, 0, 0, 0
366618, 0, 1, 0
366625, 0, 0, 0
366630, 0, 1, 0
366637, 0, 0, 0
366643, 0, 1, 0
366650, 0, 0, 0
366656, 0, 1, 0
366663, 0, 0, 0
366669, 0, 1, 0
366676, 0, 0, 0
366682, 0, 1, 0
366689, 0, 0, 0
366694, 0, 1, 0
366701, 0, 0, 0
366707, 0, 1, 0
366714, 0, 0, 0
366720, 0, 1, 0
366727, 0, 0, 0
366733, 0, 1, 0
366740, 0, 0, 0
366746, 0, 1, 0
366753, 0, 0, 0
366758, 0, 1, 0
366765, 0, 0, 0
366771, 0, 1, 0
366778, 0, 0, 0
366784, 0, 1, 0
366791, 0, 0, 0
366797, 0, 1, 0
366804, 0, 0, 0
366810, 0, 1, 0
366817, 0, 0, 0
366822, 0, 1, 0
366829, 0, 0, 0
366835, 0, 1, 0
366842, 0, 0, 0
366848, 0, 1, 0
366855, 0, 0, 0
366861, 0, 1, 0
366868, 0, 0, 0
366874, 0, 1, 0
366881, 0, 0, 0
366886, 0, 1, 0
366893, 0, 0, 0
366899, 0, 1, 0
366906, 0, 0, 0
366912, 0, 1, 0
366919, 0, 0, 0
366925, 0, 1, 0
366932, 0, 0, 0
366938, 0, 1, 0
366945, 0, 0, 0
366950, 0, 1, 0
366957, 0, 0, 0
366963, 0, 1, 0
366970, 0, 0, 0
366976, 0, 1, 0
366983, 0, 0, 0
366989, 0, 1, 0
366996, 0, 0, 0
367002, 0, 1, 0
367009, 0, 0, 0
367014, 0, 1, 0
367021, 0, 0, 0
367027, 0, 1, 0
367034, 0, 0, 0
367040, 0, 1, 0
367047, 0, 0, 0
367053, 0, 1, 0
367060, 0, 0, 0
367066, 0, 1, 0
367073, 0, 0, 0
367078, 0, 1, 0
367085, 0, 0, 0
367091, 0, 1, 0
367098, 0, 0, 0
367104, 0, 1, 0
367111, 0, 0, 0
367117, 0, 1, 0
367124, 0, 0, 0
367130, 0, 1, 0
367137, 0, 0, 0
367142, 0, 1, 0
367149, 0, 0, 0
367155, 0, 1, 0
367162, 0, 0, 0
367168, 0, 1, 0
367175, 0, 0, 0
367181, 0, 1, 0
367188, 0, 0, 0
367194, 0, 1, 0
367201, 0, 0, 0
367206, 0, 1, 0
367213, 0, 0, 0
367219, 0, 1, 0
367226, 0, 0, 0
367232, 0, 1, 0
367239, 0, 0, 0
367245, 0, 1, 0
367252, 0, 0, 0
367258, 0, 1, 0
367265, 0, 0, 0
367270, 0, 1, 0
367278, 0, 0, 0
367283, 0, 1, 1
367290, 0, 0, 1
367296, 1, 1, 0
367303, 1, 0, 0
367309, 1, 1, 0
367316, 1, 0, 0
367322, 1, 1, 0
367329, 1, 0, 0
367334, 1, 1, 0
367342, 1, 0, 0
367347, 1, 1, 0
367354, 1, 0, 0
367360, 1, 1, 0
367367, 1, 0, 0
367372, 0, 0, 0
367373, 0, 1, 0
367380, 0, 0, 0
367385, 1, 0, 0
367386, 1, 1, 0
367393, 1, 0, 0
367398, 1, 1, 0
367406, 1, 0, 0
367411, 1, 1, 0
367418, 1, 0, 0
367424, 0, 1, 0
367431, 0, 0, 0
367437, 0, 1, 0
367444, 0, 0, 0
367450, 0, 1, 0
367457, 0, 0, 0
367462, 0, 1, 0
367470, 0, 0, 0
367475, 0, 1, 0
367482, 0, 0, 0
367488, 1, 1, 0
367495, 1, 0, 0
367500, 0, 0, 0
367501, 0, 1, 0
367508, 0, 0, 0
367514, 0, 1, 0
367521, 0, 0, 0
367526, 0, 1, 0
367534, 0, 0, 0
367539, 0, 1, 0
367546, 0, 0, 0
367552, 0, 1, 0
367559, 0, 0, 0
367565, 0, 1, 0
367572, 0, 0, 0
367578, 0, 1, 0
367585, 0, 0, 0
367590, 0, 1, 0
367598, 0, 0, 0
367603, 0, 1, 0
367610, 0, 0, 0
367616, 0, 1, 0
367623, 0, 0, 0
367629, 0, 1, 0
367636, 0, 0, 0
367642, 0, 1, 0
367649, 0, 0, 0
367654, 0, 1, 0
367662, 0, 0, 0
367667, 0, 1, 0
367674, 0, 0, 0
367680, 0, 1, 0
367687, 0, 0, 0
367693, 0, 1, 0
367700, 0, 0, 0
367706, 0, 1, 0
367713, 0, 0, 0
367718, 0, 1, 0
367726, 0, 0, 0
367731, 0, 1, 0
367738, 0, 0, 0
367744, 0, 1, 0
367751, 0, 0, 0
367757, 0, 1, 0
367764, 0, 0, 0
367770, 0, 1, 0
367777, 0, 0, 0
367782, 0, 1, 0
367790, 0, 0, 0
367795, 0, 1, 0
367802, 0, 0, 0
367808, 0, 1, 0
367815, 0, 0, 0
367821, 0, 1, 0
367828, 0, 0, 0
367834, 0, 1, 0
367841, 0, 0, 0
367846, 0, 1, 0
367854, 0, 0, 0
367859, 0, 1, 0
367866, 0, 0, 0
367872, 0, 1, 0
367879, 0, 0, 0
367885, 0, 1, 0
367892, 0, 0, 0
367898, 0, 1, 0
367905, 0, 0, 0
367910, 0, 1, 0
367918, 0, 0, 0
367923, 0, 1, 0
367930, 0, 0, 0
367936, 0, 1, 0
367943, 0, 0, 0
367949, 0, 1, 0
367956, 0, 0, 0
367962, 0, 1, 0
367969, 0, 0, 0
367975, 0, 1, 0
367982, 0, 0, 0
367987, 0, 1, 0
367994, 0, 0, 0
368000, 0, 1, 0
368007, 0, 0, 0
368013, 0, 1, 0
368020, 0, 0, 0
368026, 0, 1, 0
368033, 0, 0, 0
368039, 0, 1, 0
368046, 0, 0, 0
368051, 0, 1, 0
368058, 0, 0, 0
368064, 0, 1, 0
368071, 0, 0, 0
368077, 0, 1, 0
368084, 0, 0, 0
368090, 0, 1, 0
368097, 0, 0, 0
368103, 0, 1, 0
368110, 0, 0, 0
368115, 0, 1, 0
368122, 0, 0, 0
368128, 0, 1, 0
368135, 0, 0, 0
368141, 0, 1, 0
368148, 0, 0, 0
368154, 0, 1, 0
368161, 0, 0, 0
368167, 0, 1, 0
368174, 0, 0, 0
368179, 0, 1, 0
368186, 0, 0, 0
368192, 0, 1, 0
368199, 0, 0, 0
368205, 0, 1, 0
368212, 0, 0, 0
368218, 0, 1, 0
368225, 0, 0, 0
368231, 0, 1, 0
368238, 0, 0, 0
368243, 0, 1, 0
368250, 0, 0, 0
368256, 0, 1, 0
368263, 0, 0, 0
368269, 0, 1, 0
368276, 0, 0, 0
368282, 0, 1, 0
368289, 0, 0, 0
368295, 0, 1, 0
368302, 0, 0, 0
368307, 0, 1, 0
368314, 0, 0, 0
368320, 0, 1, 0
368327, 0, 0, 0
368333, 0, 1, 0
368340, 0, 0, 0
368346, 0, 1, 0
368353, 0, 0, 0
368359, 0, 1, 0
368366, 0, 0, 0
368371, 0, 1, 0
368378, 0, 0, 0
368384, 0, 1, 0
368391, 0, 0, 0
368397, 0, 1, 0
368404, 0, 0, 0
368410, 0, 1, 0
368417, 0, 0, 0
368423, 0, 1, 0
368430, 0, 0, 0
368435, 0, 1, 0
368442, 0, 0, 0
368448, 0, 1, 0
368455, 0, 0, 0
368461, 0, 1, 0
368468, 0, 0, 0
368474, 0, 1, 0
368481, 0, 0, 0
368487, 0, 1, 0
368494, 0, 0, 0
368499, 0, 1, 0
368506, 0, 0, 0
368512, 0, 1, 0
368519, 0, 0, 0
368525, 0, 1, 0
368532, 0, 0, 0
368538, 0, 1, 0
368545, 0, 0, 0
368551, 0, 1, 0
368558, 0, 0, 0
368563, 0, 1, 0
368570, 0, 0, 0
368576, 0, 1, 0
368583, 0, 0, 0
368589, 0, 1, 0
368596, 0, 0, 0
368602, 0, 1, 0
368609, 0, 0, 0
368615, 0, 1, 0
368622, 0, 0, 0
368627, 0, 1, 0
368634, 0, 0, 0
368640, 0, 1, 0
368647, 0, 0, 0
368653, 0, 1, 0
368660, 0, 0, 0
368666, 0, 1, 0
368673, 0, 0, 0
368679, 0, 1, 0
368686, 0, 0, 0
368691, 0, 1, 0
368698, 0, 0, 0
368704, 0, 1, 0
368711, 0, 0, 0
368717, 0, 1, 0
368724, 0, 0, 0
368730, 0, 1, 0
368737, 0, 0, 0
368743, 0, 1, 0
368750, 0, 0, 0
368755, 0, 1, 0
368762, 0, 0, 0
368768, 0, 1, 0
368775, 0, 0, 0
368781, 0, 1, 0
368788, 0, 0, 0
368794, 0, 1, 0
368801, 0, 0, 0
368807, 0, 1, 0
368814, 0, 0, 0
368819, 0, 1, 0
368826, 0, 0, 0
368832, 0, 1, 0
368839, 0, 0, 0
368845, 0, 1, 0
368852, 0, 0, 0
368858, 0, 1, 0
368865, 0, 0, 0
368871, 0, 1, 0
368878, 0, 0, 0
368883, 0, 1, 0
368890, 0, 0, 0
368896, 0, 1, 0
368903, 0, 0, 0
368909, 0, 1, 0
368916, 0, 0, 0
368921, 0, 0, 1
368922, 0, 1, 1
368929, 0, 0, 1
368934, 1, 0, 0
368935, 1, 1, 0
368942, 1, 0, 0
368947, 1, 1, 0
368954, 1, 0, 0
368960, 1, 1, 0
368967, 1, 0, 0
368973, 1, 1, 0
368980, 1, 0, 0
368986, 1, 1, 0
368993, 1, 0, 0
368999, 1, 1, 0
369006, 1, 0, 0
369011, 0, 1, 0
369018, 0, 0, 0
369024, 1, 1, 0
369031, 1, 0, 0
369037, 1, 1, 0
369044, 1, 0, 0
369050, 1, 1, 0
369057, 1, 0, 0
369062, 0, 0, 0
369063, 0, 1, 0
369070, 0, 0, 0
369075, 0, 1, 0
369082, 0, 0, 0
369088, 0, 1, 0
369095, 0, 0, 0
369101, 0, 1, 0
369108, 0, 0, 0
369114, 0, 1, 0
369121, 0, 0, 0
369126, 1, 0, 0
369127, 1, 1, 0
369134, 1, 0, 0
369139, 0, 1, 0
369146, 0, 0, 0
369152, 0, 1, 0
369159, 0, 0, 0
369165, 0, 1, 0
369172, 0, 0, 0
369178, 0, 1, 0
369185, 0, 0, 0
369191, 0, 1, 0
369198, 0, 0, 0
369203, 0, 1, 0
369210, 0, 0, 0
369216, 0, 1, 0
369223, 0, 0, 0
369229, 0, 1, 0
369236, 0, 0, 0
369242, 0, 1, 0
369249, 0, 0, 0
369255, 0, 1, 0
369262, 0, 0, 0
369267, 0, 1, 0
369274, 0, 0, 0
369280, 0, 1, 0
369287, 0, 0, 0
369293, 0, 1, 0
369300, 0, 0, 0
369306, 0, 1, 0
369313, 0, 0, 0
369319, 0, 1, 0
369326, 0, 0, 0
369331, 0, 1, 0
369338, 0, 0, 0
369344, 0, 1, 0
369351, 0, 0, 0
369357, 0, 1, 0
369364, 0, 0, 0
369370, 0, 1, 0
369377, 0, 0, 0
369383, 0, 1, 0
369390, 0, 0, 0
369395, 0, 1, 0
369402, 0, 0, 0
369408, 0, 1, 0
369415, 0, 0, 0
369421, 0, 1, 0
369428, 0, 0, 0
369434, 0, 1, 0
369441, 0, 0, 0
369447, 0, 1, 0
369454, 0, 0, 0
369459, 0, 1, 0
369466, 0, 0, 0
369472, 0, 1, 0
369479, 0, 0, 0
369485, 0, 1, 0
369492, 0, 0, 0
369498, 0, 1, 0
369505, 0, 0, 0
369511, 0, 1, 0
369518, 0, 0, 0
369523, 0, 1, 0
369530, 0, 0, 0
369536, 0, 1, 0
369543, 0, 0, 0
369549, 0, 1, 0
369556, 0, 0, 0
369562, 0, 1, 0
369569, 0, 0, 0
369575, 0, 1, 0
369582, 0, 0, 0
369587, 0, 1, 0
369594, 0, 0, 0
369600, 0, 1, 0
369607, 0, 0, 0
369613, 0, 1, 0
369620, 0, 0, 0
369626, 0, 1, 0
369633, 0, 0, 0
369639, 0, 1, 0
369646, 0, 0, 0
369651, 0, 1, 0
369658, 0, 0, 0
369664, 0, 1, 0
369671, 0, 0, 0
369677, 0, 1, 0
369684, 0, 0, 0
369690, 0, 1, 0
369697, 0, 0, 0
369703, 0, 1, 0
369710, 0, 0, 0
369715, 0, 1, 0
369722, 0, 0, 0
369728, 0, 1, 0
369735, 0, 0, 0
369741, 0, 1, 0
369748, 0, 0, 0
369754, 0, 1, 0
369761, 0, 0, 0
369767, 0, 1, 0
369774, 0, 0, 0
369779, 0, 1, 0
369786, 0, 0, 0
369792, 0, 1, 0
369799, 0, 0, 0
369805, 0, 1, 0
369812, 0, 0, 0
369818, 0, 1, 0
369825, 0, 0, 0
369831, 0, 1, 0
369838, 0, 0, 0
369843, 0, 1, 0
369850, 0, 0, 0
369856, 0, 1, 0
369863, 0, 0, 0
369869, 0, 1, 0
369876, 0, 0, 0
369882, 0, 1, 0
369889, 0, 0, 0
369895, 0, 1, 0
369902, 0, 0, 0
369907, 0, 1, 0
369914, 0, 0, 0
369920, 0, 1, 0
369927, 0, 0, 0
369933, 0, 1, 0
369940, 0, 0, 0
369946, 0, 1, 0
369953, 0, 0, 0
369959, 0, 1, 0
369966, 0, 0, 0
369971, 0, 1, 0
369978, 0, 0, 0
369984, 0, 1, 0
369991, 0, 0, 0
369997, 0, 1, 0
370004, 0, 0, 0
370010, 0, 1, 0
370017, 0, 0, 0
370023, 0, 1, 0
370030, 0, 0, 0
370035, 0, 1, 0
370042, 0, 0, 0
370048, 0, 1, 0
370055, 0, 0, 0
370061, 0, 1, 0
370068, 0, 0, 0
370074, 0, 1, 0
370081, 0, 0, 0
370087, 0, 1, 0
370094, 0, 0, 0
370099, 0, 1, 0
370106, 0, 0, 0
370112, 0, 1, 0
370119, 0, 0, 0
370125, 0, 1, 0
370132, 0, 0, 0
370138, 0, 1, 0
370145, 0, 0, 0
370151, 0, 1, 0
370158, 0, 0, 0
370163, 0, 1, 0
370170, 0, 0, 0
370176, 0, 1, 0
370183, 0, 0, 0
370189, 0, 1, 0
370196, 0, 0, 0
370202, 0, 1, 0
370209, 0, 0, 0
370215, 0, 1, 0
370222, 0, 0, 0
370227, 0, 1, 0
370234, 0, 0, 0
370240, 0, 1, 0
370247, 0, 0, 0
370253, 0, 1, 0
370260, 0, 0, 0
370266, 0, 1, 0
370273, 0, 0, 0
370279, 0, 1, 0
370286, 0, 0, 0
370291, 0, 1, 0
370298, 0, 0, 0
370304, 0, 1, 0
370311, 0, 0, 0
370317, 0, 1, 0
370324, 0, 0, 0
370330, 0, 1, 0
370337, 0, 0, 0
370343, 0, 1, 0
370350, 0, 0, 0
370355, 0, 1, 0
370362, 0, 0, 0
370368, 0, 1, 0
370375, 0, 0, 0
370381, 0, 1, 0
370388, 0, 0, 0
370394, 0, 1, 0
370401, 0, 0, 0
370407, 0, 1, 0
370414, 0, 0, 0
370419, 0, 1, 0
370426, 0, 0, 0
370432, 0, 1, 0
370439, 0, 0, 0
370445, 0, 1, 0
370452, 0, 0, 0
370458, 0, 1, 0
370465, 0, 0, 0
370471, 0, 1, 0
370478, 0, 0, 0
370483, 0, 1, 0
370490, 0, 0, 0
370496, 0, 1, 0
370503, 0, 0, 0
370509, 0, 1, 0
370516, 0, 0, 0
370522, 0, 1, 0
370529, 0, 0, 0
370535, 0, 1, 0
370542, 0, 0, 0
370547, 0, 1, 0
370554, 0, 0, 0
370560, 0, 1, 1
370567, 0, 0, 1
370573, 1, 1, 0
370580, 1, 0, 0
370586, 1, 1, 0
370593, 1, 0, 0
370599, 1, 1, 0
370606, 1, 0, 0
370611, 1, 1, 0
370618, 1, 0, 0
370624, 1, 1, 0
370631, 1, 0, 0
370637, 1, 1, 0
370644, 1, 0, 0
370649, 0, 0, 0
370650, 0, 1, 0
370657, 0, 0, 0
370662, 1, 0, 0
370663, 1, 1, 0
370670, 1, 0, 0
370675, 1, 1, 0
370682, 1, 0, 0
370688, 1, 1, 0
370695, 1, 0, 0
370701, 0, 1, 0
370708, 0, 0, 0
370714, 0, 1, 0
370721, 0, 0, 0
370727, 0, 1, 0
370734, 0, 0, 0
370739, 0, 1, 0
370746, 0, 0, 0
370752, 0, 1, 0
370759, 0, 0, 0
370765, 1, 1, 0
370772, 1, 0, 0
370777, 0, 0, 0
370778, 0, 1, 0
370785, 0, 0, 0
370791, 0, 1, 0
370798, 0, 0, 0
370803, 0, 1, 0
370810, 0, 0, 0
370816, 0, 1, 0
370823, 0, 0, 0
370829, 0, 1, 0
370836, 0, 0, 0
370842, 0, 1, 0
370849, 0, 0, 0
370855, 0, 1, 0
370862, 0, 0, 0
370867, 0, 1, 0
370874, 0, 0, 0
370880, 0, 1, 0
370887, 0, 0, 0
370893, 0, 1, 0
370900, 0, 0, 0
370906, 0, 1, 0
370913, 0, 0, 0
370919, 0, 1, 0
370926, 0, 0, 0
370931, 0, 1, 0
370938, 0, 0, 0
370944, 0, 1, 0
370951, 0, 0, 0
370957, 0, 1, 0
370964, 0, 0, 0
370970, 0, 1, 0
370977, 0, 0, 0
370983, 0, 1, 0
370990, 0, 0, 0
370995, 0, 1, 0
371002, 0, 0, 0
371008, 0, 1, 0
371015, 0, 0, 0
371021, 0, 1, 0
371028, 0, 0, 0
371034, 0, 1, 0
371041, 0, 0, 0
371047, 0, 1, 0
371054, 0, 0, 0
371059, 0, 1, 0
371066, 0, 0, 0
371072, 0, 1, 0
371079, 0, 0, 0
371085, 0, 1, 0
371092, 0, 0, 0
371098, 0, 1, 0
371105, 0, 0, 0
371111, 0, 1, 0
371118, 0, 0, 0
371123, 0, 1, 0
371130, 0, 0, 0
371136, 0, 1, 0
371143, 0, 0, 0
371149, 0, 1, 0
371156, 0, 0, 0
371162, 0, 1, 0
371169, 0, 0, 0
371175, 0, 1, 0
371182, 0, 0, 0
371187, 0, 1, 0
371194, 0, 0, 0
371200, 0, 1, 0
371207, 0, 0, 0
371213, 0, 1, 0
371220, 0, 0, 0
371226, 0, 1, 0
371233, 0, 0, 0
371239, 0, 1, 0
371246, 0, 0, 0
371251, 0, 1, 0
371258, 0, 0, 0
371264, 0, 1, 0
371271, 0, 0, 0
371277, 0, 1, 0
371284, 0, 0, 0
371290, 0, 1, 0
371297, 0, 0, 0
371303, 0, 1, 0
371310, 0, 0, 0
371315, 0, 1, 0
371322, 0, 0, 0
371328, 0, 1, 0
371335, 0, 0, 0
371341, 0, 1, 0
371348, 0, 0, 0
371354, 0, 1, 0
371361, 0, 0, 0
371367, 0, 1, 0
371374, 0, 0, 0
371379, 0, 1, 0
371386, 0, 0, 0
371392, 0, 1, 0
371399, 0, 0, 0
371405, 0, 1, 0
371412, 0, 0, 0
371418, 0, 1, 0
371425, 0, 0, 0
371431, 0, 1, 0
371438, 0, 0, 0
371443, 0, 1, 0
371450, 0, 0, 0
371456, 0, 1, 0
371463, 0, 0, 0
371469, 0, 1, 0
371476, 0, 0, 0
371482, 0, 1, 0
371489, 0, 0, 0
371495, 0, 1, 0
371502, 0, 0, 0
371507, 0, 1, 0
371514, 0, 0, 0
371520, 0, 1, 0
371527, 0, 0, 0
371533, 0, 1, 0
371540, 0, 0, 0
371546, 0, 1, 0
371553, 0, 0, 0
371559, 0, 1, 0
371566, 0, 0, 0
371571, 0, 1, 0
371578, 0, 0, 0
371584, 0, 1, 0
371591, 0, 0, 0
371597, 0, 1, 0
371604, 0, 0, 0
371610, 0, 1, 0
371617, 0, 0, 0
371623, 0, 1, 0
371630, 0, 0, 0
371635, 0, 1, 0
371642, 0, 0, 0
371648, 0, 1, 0
371655, 0, 0, 0
371661, 0, 1, 0
371668, 0, 0, 0
371674, 0, 1, 0
371681, 0, 0, 0
371687, 0, 1, 0
371694, 0, 0, 0
371699, 0, 1, 0
371706, 0, 0, 0
371712, 0, 1, 0
371719, 0, 0, 0
371725, 0, 1, 0
371732, 0, 0, 0
371738, 0, 1, 0
371745, 0, 0, 0
371751, 0, 1, 0
371758, 0, 0, 0
371763, 0, 1, 0
371770, 0, 0, 0
371776, 0, 1, 0
371783, 0, 0, 0
371789, 0, 1, 0
371796, 0, 0, 0
371802, 0, 1, 0
371809, 0, 0, 0
371815, 0, 1, 0
371822, 0, 0, 0
371827, 0, 1, 0
371834, 0, 0, 0
371840, 0, 1, 0
371847, 0, 0, 0
371853, 0, 1, 0
371860, 0, 0, 0
371866, 0, 1, 0
371873, 0, 0, 0
371879, 0, 1, 0
371886, 0, 0, 0
371891, 0, 1, 0
371898, 0, 0, 0
371904, 0, 1, 0
371911, 0, 0, 0
371917, 0, 1, 0
371924, 0, 0, 0
371930, 0, 1, 0
371937, 0, 0, 0
371943, 0, 1, 0
371950, 0, 0, 0
371955, 0, 1, 0
371962, 0, 0, 0
371968, 0, 1, 0
371975, 0, 0, 0
371981, 0, 1, 0
371988, 0, 0, 0
371994, 0, 1, 0
372001, 0, 0, 0
372007, 0, 1, 0
372014, 0, 0, 0
372019, 0, 1, 0
372026, 0, 0, 0
372032, 0, 1, 0
372039, 0, 0, 0
372045, 0, 1, 0
372052, 0, 0, 0
372058, 0, 1, 0
372065, 0, 0, 0
372071, 0, 1, 0
372078, 0, 0, 0
372083, 0, 1, 0
372090, 0, 0, 0
372096, 0, 1, 0
372103, 0, 0, 0
372109, 0, 1, 0
372116, 0, 0, 0
372122, 0, 1, 0
372129, 0, 0, 0
372135, 0, 1, 0
372142, 0, 0, 0
372147, 0, 1, 0
372154, 0, 0, 0
372160, 0, 1, 0
372167, 0, 0, 0
372173, 0, 1, 0
372180, 0, 0, 0
372186, 0, 1, 0
372193, 0, 0, 0
372198, 0, 0, 1
372199, 0, 1, 1
372206, 0, 0, 1
372211, 1, 1, 0
372219, 1, 0, 0
372224, 1, 1, 0
372231, 1, 0, 0
372237, 1, 1, 0
372244, 1, 0, 0
372250, 1, 1, 0
372257, 1, 0, 0
372263, 1, 1, 0
372270, 1, 0, 0
372275, 1, 1, 0
372283, 1, 0, 0
372288, 0, 1, 0
372295, 0, 0, 0
372301, 1, 1, 0
372308, 1, 0, 0
372314, 1, 1, 0
372321, 1, 0, 0
372327, 1, 1, 0
372334, 1, 0, 0
372339, 0, 1, 0
372347, 0, 0, 0
372352, 0, 1, 0
372359, 0, 0, 0
372365, 0, 1, 0
372372, 0, 0, 0
372378, 0, 1, 0
372385, 0, 0, 0
372391, 0, 1, 0
372398, 0, 0, 0
372403, 1, 1, 0
372411, 1, 0, 0
372416, 0, 1, 0
372423, 0, 0, 0
372429, 0, 1, 0
372436, 0, 0, 0
372442, 0, 1, 0
372449, 0, 0, 0
372455, 0, 1, 0
372462, 0, 0, 0
372467, 0, 1, 0
372475, 0, 0, 0
372480, 0, 1, 0
372487, 0, 0, 0
372493, 0, 1, 0
372500, 0, 0, 0
372506, 0, 1, 0
372513, 0, 0, 0
372519, 0, 1, 0
372526, 0, 0, 0
372531, 0, 1, 0
372539, 0, 0, 0
372544, 0, 1, 0
372551, 0, 0, 0
372557, 0, 1, 0
372564, 0, 0, 0
372570, 0, 1, 0
372577, 0, 0, 0
372583, 0, 1, 0
372590, 0, 0, 0
372595, 0, 1, 0
372603, 0, 0, 0
372608, 0, 1, 0
372615, 0, 0, 0
372621, 0, 1, 0
372628, 0, 0, 0
372634, 0, 1, 0
372641, 0, 0, 0
372647, 0, 1, 0
372654, 0, 0, 0
372659, 0, 1, 0
372667, 0, 0, 0
372672, 0, 1, 0
372679, 0, 0, 0
372685, 0, 1, 0
372692, 0, 0, 0
372698, 0, 1, 0
372705, 0, 0, 0
372711, 0, 1, 0
372718, 0, 0, 0
372723, 0, 1, 0
372731, 0, 0, 0
372736, 0, 1, 0
372743, 0, 0, 0
372749, 0, 1, 0
372756, 0, 0, 0
372762, 0, 1, 0
372769, 0, 0, 0
372775, 0, 1, 0
372782, 0, 0, 0
372787, 0, 1, 0
372795, 0, 0, 0
372800, 0, 1, 0
372807, 0, 0, 0
372813, 0, 1, 0
372820, 0, 0, 0
372826, 0, 1, 0
372833, 0, 0, 0
372839, 0, 1, 0
372846, 0, 0, 0
372851, 0, 1, 0
372859, 0, 0, 0
372864, 0, 1, 0
372871, 0, 0, 0
372877, 0, 1, 0
372884, 0, 0, 0
372890, 0, 1, 0
372897, 0, 0, 0
372903, 0, 1, 0
372910, 0, 0, 0
372916, 0, 1, 0
372923, 0, 0, 0
372928, 0, 1, 0
372935, 0, 0, 0
372941, 0, 1, 0
372948, 0, 0, 0
372954, 0, 1, 0
372961, 0, 0, 0
372967, 0, 1, 0
372974, 0, 0, 0
372980, 0, 1, 0
372987, 0, 0, 0
372992, 0, 1, 0
372999, 0, 0, 0
373005, 0, 1, 0
373012, 0, 0, 0
373018, 0, 1, 0
373025, 0, 0, 0
373031, 0, 1, 0
373038, 0, 0, 0
373044, 0, 1, 0
373051, 0, 0, 0
373056, 0, 1, 0
373063, 0, 0, 0
373069, 0, 1, 0
373076, 0, 0, 0
373082, 0, 1, 0
373089, 0, 0, 0
373095, 0, 1, 0
373102, 0, 0, 0
373108, 0, 1, 0
373115, 0, 0, 0
373120, 0, 1, 0
373127, 0, 0, 0
373133, 0, 1, 0
373140, 0, 0, 0
373146, 0, 1, 0
373153, 0, 0, 0
373159, 0, 1, 0
373166, 0, 0, 0
373172, 0, 1, 0
373179, 0, 0, 0
373184, 0, 1, 0
373191, 0, 0, 0
373197, 0, 1, 0
373204, 0, 0, 0
373210, 0, 1, 0
373217, 0, 0, 0
373223, 0, 1, 0
373230, 0, 0, 0
373236, 0, 1, 0
373243, 0, 0, 0
373248, 0, 1, 0
373255, 0, 0, 0
373261, 0, 1, 0
373268, 0, 0, 0
373274, 0, 1, 0
373281, 0, 0, 0
373287, 0, 1, 0
373294, 0, 0, 0
373300, 0, 1, 0
373307, 0, 0, 0
373312, 0, 1, 0
373319, 0, 0, 0
373325, 0, 1, 0
373332, 0, 0, 0
373338, 0, 1, 0
373345, 0, 0, 0
373351, 0, 1, 0
373358, 0, 0, 0
373364, 0, 1, 0
373371, 0, 0, 0
373376, 0, 1, 0
373383, 0, 0, 0
373389, 0, 1, 0
373396, 0, 0, 0
373402, 0, 1, 0
373409, 0, 0, 0
373415, 0, 1, 0
373422, 0, 0, 0
373428, 0, 1, 0
373435, 0, 0, 0
373440, 0, 1, 0
373447, 0, 0, 0
373453, 0, 1, 0
373460, 0, 0, 0
373466, 0, 1, 0
373473, 0, 0, 0
373479, 0, 1, 0
373486, 0, 0, 0
373492, 0, 1, 0
373499, 0, 0, 0
373504, 0, 1, 0
373511, 0, 0, 0
373517, 0, 1, 0
373524, 0, 0, 0
373530, 0, 1, 0
373537, 0, 0, 0
373543, 0, 1, 0
373550, 0, 0, 0
373556, 0, 1, 0
373563, 0, 0, 0
373568, 0, 1, 0
373575, 0, 0, 0
373581, 0, 1, 0
373588, 0, 0, 0
373594, 0, 1, 0
373601, 0, 0, 0
373607, 0, 1, 0
373614, 0, 0, 0
373620, 0, 1, 0
373627, 0, 0, 0
373632, 0, 1, 0
373639, 0, 0, 0
373645, 0, 1, 0
373652, 0, 0, 0
373658, 0, 1, 0
373665, 0, 0, 0
373671, 0, 1, 0
373678, 0, 0, 0
373684, 0, 1, 0
373691, 0, 0, 0
373696, 0, 1, 0
373703, 0, 0, 0
373709, 0, 1, 0
373716, 0, 0, 0
373722, 0, 1, 0
373729, 0, 0, 0
373735, 0, 1, 0
373742, 0, 0, 0
373748, 0, 1, 0
373755, 0, 0, 0
373760, 0, 1, 0
373767, 0, 0, 0
373773, 0, 1, 0
373780, 0, 0, 0
373786, 0, 1, 0
373793, 0, 0, 0
373799, 0, 1, 0
373806, 0, 0, 0
373812, 0, 1, 0
373819, 0, 0, 0
373824, 0, 1, 0
373831, 0, 0, 0
373837, 0, 1, 1
373844, 0, 0, 1
373849, 1, 0, 1
373850, 1, 1, 0
373857, 1, 0, 0
373863, 1, 1, 0
373870, 1, 0, 0
373876, 1, 1, 0
373883, 1, 0, 0
373888, 1, 1, 0
373895, 1, 0, 0
373901, 1, 1, 0
373908, 1, 0, 0
373914, 1, 1, 0
373921, 1, 0, 0
373926, 0, 0, 0
373927, 0, 1, 0
373934, 0, 0, 0
373939, 1, 0, 0
373940, 1, 1, 0
373947, 1, 0, 0
373952, 1, 1, 0
373959, 1, 0, 0
373965, 1, 1, 0
373972, 1, 0, 0
373978, 0, 1, 0
373985, 0, 0, 0
373991, 0, 1, 0
373998, 0, 0, 0
374004, 0, 1, 0
374011, 0, 0, 0
374016, 0, 1, 0
374023, 0, 0, 0
374029, 0, 1, 0
374036, 0, 0, 0
374041, 1, 0, 0
374042, 1, 1, 0
374049, 1, 0, 0
374054, 0, 0, 0
374055, 0, 1, 0
374062, 0, 0, 0
374068, 0, 1, 0
374075, 0, 0, 0
374080, 0, 1, 0
374087, 0, 0, 0
374093, 0, 1, 0
374100, 0, 0, 0
374106, 0, 1, 0
374113, 0, 0, 0
374119, 0, 1, 0
374126, 0, 0, 0
374132, 0, 1, 0
374139, 0, 0, 0
374144, 0, 1, 0
374151, 0, 0, 0
374157, 0, 1, 0
374164, 0, 0, 0
374170, 0, 1, 0
374177, 0, 0, 0
374183, 0, 1, 0
374190, 0, 0, 0
374196, 0, 1, 0
374203, 0, 0, 0
374208, 0, 1, 0
374215, 0, 0, 0
374221, 0, 1, 0
374228, 0, 0, 0
374234, 0, 1, 0
374241, 0, 0, 0
374247, 0, 1, 0
374254, 0, 0, 0
374260, 0, 1, 0
374267, 0, 0, 0
374272, 0, 1, 0
374279, 0, 0, 0
374285, 0, 1, 0
374292, 0, 0, 0
374298, 0, 1, 0
374305, 0, 0, 0
374311, 0, 1, 0
374318, 0, 0, 0
374324, 0, 1, 0
374331, 0, 0, 0
374336, 0, 1, 0
374343, 0, 0, 0
374349, 0, 1, 0
374356, 0, 0, 0
374362, 0, 1, 0
374369, 0, 0, 0
374375, 0, 1, 0
374382, 0, 0, 0
374388, 0, 1, 0
374395, 0, 0, 0
374400, 0, 1, 0
374407, 0, 0, 0
374413, 0, 1, 0
374420, 0, 0, 0
374426, 0, 1, 0
374433, 0, 0, 0
374439, 0, 1, 0
374446, 0, 0, 0
374452, 0, 1, 0
374459, 0, 0, 0
374464, 0, 1, 0
374471, 0, 0, 0
374477, 0, 1, 0
374484, 0, 0, 0
374490, 0, 1, 0
374497, 0, 0, 0
374503, 0, 1, 0
374510, 0, 0, 0
374516, 0, 1, 0
374523, 0, 0, 0
374528, 0, 1, 0
374535, 0, 0, 0
374541, 0, 1, 0
374548, 0, 0, 0
374554, 0, 1, 0
374561, 0, 0, 0
374567, 0, 1, 0
374574, 0, 0, 0
374580, 0, 1, 0
374587, 0, 0, 0
374592, 0, 1, 0
374599, 0, 0, 0
374605, 0, 1, 0
374612, 0, 0, 0
374618, 0, 1, 0
374625, 0, 0, 0
374631, 0, 1, 0
374638, 0, 0, 0
374644, 0, 1, 0
374651, 0, 0, 0
374656, 0, 1, 0
374663, 0, 0, 0
374669, 0, 1, 0
374676, 0, 0, 0
374682, 0, 1, 0
374689, 0, 0, 0
374695, 0, 1, 0
374702, 0, 0, 0
374708, 0, 1, 0
374715, 0, 0, 0
374720, 0, 1, 0
374727, 0, 0, 0
374733, 0, 1, 0
374740, 0, 0, 0
374746, 0, 1, 0
374753, 0, 0, 0
374759, 0, 1, 0
374766, 0, 0, 0
374772, 0, 1, 0
374779, 0, 0, 0
374784, 0, 1, 0
374791, 0, 0, 0
374797, 0, 1, 0
374804, 0, 0, 0
374810, 0, 1, 0
374817, 0, 0, 0
374823, 0, 1, 0
374830, 0, 0, 0
374836, 0, 1, 0
374843, 0, 0, 0
374848, 0, 1, 0
374855, 0, 0, 0
374861, 0, 1, 0
374868, 0, 0, 0
374874, 0, 1, 0
374881, 0, 0, 0
374887, 0, 1, 0
374894, 0, 0, 0
374900, 0, 1, 0
374907, 0, 0, 0
374912, 0, 1, 0
374919, 0, 0, 0
374925, 0, 1, 0
374932, 0, 0, 0
374938, 0, 1, 0
374945, 0, 0, 0
374951, 0, 1, 0
374958, 0, 0, 0
374964, 0, 1, 0
374971, 0, 0, 0
374976, 0, 1, 0
374983, 0, 0, 0
374989, 0, 1, 0
374996, 0, 0, 0
375002, 0, 1, 0
375009, 0, 0, 0
375015, 0, 1, 0
375022, 0, 0, 0
375028, 0, 1, 0
375035, 0, 0, 0
375040, 0, 1, 0
375047, 0, 0, 0
375053, 0, 1, 0
375060, 0, 0, 0
375066, 0, 1, 0
375073, 0, 0, 0
375079, 0, 1, 0
375086, 0, 0, 0
375092, 0, 1, 0
375099, 0, 0, 0
375104, 0, 1, 0
375111, 0, 0, 0
375117, 0, 1, 0
375124, 0, 0, 0
375130, 0, 1, 0
375137, 0, 0, 0
375143, 0, 1, 0
375150, 0, 0, 0
375156, 0, 1, 0
375163, 0, 0, 0
375168, 0, 1, 0
375175, 0, 0, 0
375181, 0, 1, 0
375188, 0, 0, 0
375194, 0, 1, 0
375201, 0, 0, 0
375207, 0, 1, 0
375214, 0, 0, 0
375220, 0, 1, 0
375227, 0, 0, 0
375232, 0, 1, 0
375239, 0, 0, 0
375245, 0, 1, 0
375252, 0, 0, 0
375258, 0, 1, 0
375265, 0, 0, 0
375271, 0, 1, 0
375278, 0, 0, 0
375284, 0, 1, 0
375291, 0, 0, 0
375296, 0, 1, 0
375303, 0, 0, 0
375309, 0, 1, 0
375316, 0, 0, 0
375322, 0, 1, 0
375329, 0, 0, 0
375335, 0, 1, 0
375342, 0, 0, 0
375348, 0, 1, 0
375355, 0, 0, 0
375360, 0, 1, 0
375367, 0, 0, 0
375373, 0, 1, 0
375380, 0, 0, 0
375386, 0, 1, 0
375393, 0, 0, 0
375399, 0, 1, 0
375406, 0, 0, 0
375412, 0, 1, 0
375419, 0, 0, 0
375424, 0, 1, 0
375431, 0, 0, 0
375437, 0, 1, 0
375444, 0, 0, 0
375450, 0, 1, 0
375457, 0, 0, 0
375463, 0, 1, 0
375470, 0, 0, 0
375475, 0, 0, 1
375476, 0, 1, 1
375483, 0, 0, 1
375488, 1, 1, 0
375495, 1, 0, 0
375501, 1, 1, 0
375508, 1, 0, 0
375514, 1, 1, 0
375521, 1, 0, 0
375527, 1, 1, 0
375534, 1, 0, 0
375540, 1, 1, 0
375547, 1, 0, 0
375552, 1, 1, 0
375559, 1, 0, 0
375565, 0, 1, 0
375572, 0, 0, 0
375578, 1, 1, 0
375585, 1, 0, 0
375591, 1, 1, 0
375598, 1, 0, 0
375604, 1, 1, 0
375611, 1, 0, 0
375616, 0, 1, 0
375623, 0, 0, 0
375629, 0, 1, 0
375636, 0, 0, 0
375642, 0, 1, 0
375649, 0, 0, 0
375655, 0, 1, 0
375662, 0, 0, 0
375668, 0, 1, 0
375675, 0, 0, 0
375680, 1, 1, 0
375687, 1, 0, 0
375693, 0, 1, 0
375700, 0, 0, 0
375706, 0, 1, 0
375713, 0, 0, 0
375719, 0, 1, 0
375726, 0, 0, 0
375732, 0, 1, 0
375739, 0, 0, 0
375744, 0, 1, 0
375751, 0, 0, 0
375757, 0, 1, 0
375764, 0, 0, 0
375770, 0, 1, 0
375777, 0, 0, 0
375783, 0, 1, 0
375790, 0, 0, 0
375796, 0, 1, 0
375803, 0, 0, 0
375808, 0, 1, 0
375815, 0, 0, 0
375821, 0, 1, 0
375828, 0, 0, 0
375834, 0, 1, 0
375841, 0, 0, 0
375847, 0, 1, 0
375854, 0, 0, 0
375860, 0, 1, 0
375867, 0, 0, 0
375872, 0, 1, 0
375879, 0, 0, 0
375885, 0, 1, 0
375892, 0, 0, 0
375898, 0, 1, 0
375905, 0, 0, 0
375911, 0, 1, 0
375918, 0, 0, 0
375924, 0, 1, 0
375931, 0, 0, 0
375936, 0, 1, 0
375943, 0, 0, 0
375949, 0, 1, 0
375956, 0, 0, 0
375962, 0, 1, 0
375969, 0, 0, 0
375975, 0, 1, 0
375982, 0, 0, 0
375988, 0, 1, 0
375995, 0, 0, 0
376000, 0, 1, 0
376007, 0, 0, 0
376013, 0, 1, 0
376020, 0, 0, 0
376026, 0, 1, 0
376033, 0, 0, 0
376039, 0, 1, 0
376046, 0, 0, 0
376052, 0, 1, 0
376059, 0, 0, 0
376064, 0, 1, 0
376071, 0, 0, 0
376077, 0, 1, 0
376084, 0, 0, 0
376090, 0, 1, 0
376097, 0, 0, 0
376103, 0, 1, 0
376110, 0, 0, 0
376116, 0, 1, 0
376123, 0, 0, 0
376128, 0, 1, 0
376135, 0, 0, 0
376141, 0, 1, 0
376148, 0, 0, 0
376154, 0, 1, 0
376161, 0, 0, 0
376167, 0, 1, 0
376174, 0, 0, 0
376180, 0, 1, 0
376187, 0, 0, 0
376192, 0, 1, 0
376199, 0, 0, 0
376205, 0, 1, 0
376212, 0, 0, 0
376218, 0, 1, 0
376225, 0, 0, 0
376231, 0, 1, 0
376238, 0, 0, 0
376244, 0, 1, 0
376251, 0, 0, 0
376256, 0, 1, 0
376263, 0, 0, 0
376269, 0, 1, 0
376276, 0, 0, 0
376282, 0, 1, 0
376289, 0, 0, 0
376295, 0, 1, 0
376302, 0, 0, 0
376308, 0, 1, 0
376315, 0, 0, 0
376320, 0, 1, 0
376327, 0, 0, 0
376333, 0, 1, 0
376340, 0, 0, 0
376346, 0, 1, 0
376353, 0, 0, 0
376359, 0, 1, 0
376366, 0, 0, 0
376372, 0, 1, 0
376379, 0, 0, 0
376384, 0, 1, 0
376391, 0, 0, 0
376397, 0, 1, 0
376404, 0, 0, 0
376410, 0, 1, 0
376417, 0, 0, 0
376423, 0, 1, 0
376430, 0, 0, 0
376436, 0, 1, 0
376443, 0, 0, 0
376448, 0, 1, 0
376455, 0, 0, 0
376461, 0, 1, 0
376468, 0, 0, 0
376474, 0, 1, 0
376481, 0, 0, 0
376487, 0, 1, 0
376494, 0, 0, 0
376500, 0, 1, 0
376507, 0, 0, 0
376512, 0, 1, 0
376519, 0, 0, 0
376525, 0, 1, 0
376532, 0, 0, 0
376538, 0, 1, 0
376545, 0, 0, 0
376551, 0, 1, 0
376558, 0, 0, 0
376564, 0, 1, 0
376571, 0, 0, 0
376576, 0, 1, 0
376583, 0, 0, 0
376589, 0, 1, 0
376596, 0, 0, 0
376602, 0, 1, 0
376609, 0, 0, 0
376615, 0, 1, 0
376622, 0, 0, 0
376628, 0, 1, 0
376635, 0, 0, 0
376640, 0, 1, 0
376647, 0, 0, 0
376653, 0, 1, 0
376660, 0, 0, 0
376666, 0, 1, 0
376673, 0, 0, 0
376679, 0, 1, 0
376686, 0, 0, 0
376692, 0, 1, 0
376699, 0, 0, 0
376704, 0, 1, 0
376711, 0, 0, 0
376717, 0, 1, 0
376724, 0, 0, 0
376730, 0, 1, 0
376737, 0, 0, 0
376743, 0, 1, 0
376750, 0, 0, 0
376756, 0, 1, 0
376763, 0, 0, 0
376768, 0, 1, 0
376775, 0, 0, 0
376781, 0, 1, 0
376788, 0, 0, 0
376794, 0, 1, 0
376801, 0, 0, 0
376807, 0, 1, 0
376814, 0, 0, 0
376820, 0, 1, 0
376827, 0, 0, 0
376832, 0, 1, 0
376839, 0, 0, 0
376845, 0, 1, 0
376852, 0, 0, 0
376858, 0, 1, 0
376865, 0, 0, 0
376871, 0, 1, 0
376878, 0, 0, 0
376884, 0, 1, 0
376891, 0, 0, 0
376896, 0, 1, 0
376903, 0, 0, 0
376909, 0, 1, 0
376916, 0, 0, 0
376922, 0, 1, 0
376929, 0, 0, 0
376935, 0, 1, 0
376942, 0, 0, 0
376948, 0, 1, 0
376955, 0, 0, 0
376960, 0, 1, 0
376967, 0, 0, 0
376973, 0, 1, 0
376980, 0, 0, 0
376986, 0, 1, 0
376993, 0, 0, 0
376999, 0, 1, 0
377006, 0, 0, 0
377012, 0, 1, 0
377019, 0, 0, 0
377024, 0, 1, 0
377031, 0, 0, 0
377037, 0, 1, 0
377044, 0, 0, 0
377050, 0, 1, 0
377057, 0, 0, 0
377063, 0, 1, 0
377070, 0, 0, 0
377076, 0, 1, 0
377083, 0, 0, 0
377088, 0, 1, 0
377095, 0, 0, 0
377101, 0, 1, 0
377108, 0, 0, 0
377114, 0, 1, 1
377121, 0, 0, 1
377126, 1, 0, 1
377127, 1, 1, 0
377134, 1, 0, 0
377140, 1, 1, 0
377147, 1, 0, 0
377152, 1, 1, 0
377160, 1, 0, 0
377165, 1, 1, 0
377172, 1, 0, 0
377178, 1, 1, 0
377185, 1, 0, 0
377191, 1, 1, 0
377198, 1, 0, 0
377203, 0, 0, 0
377204, 0, 1, 0
377211, 0, 0, 0
377216, 1, 1, 0
377224, 1, 0, 0
377229, 1, 1, 0
377236, 1, 0, 0
377242, 1, 1, 0
377249, 1, 0, 0
377254, 0, 0, 0
377255, 0, 1, 0
377262, 0, 0, 0
377268, 0, 1, 0
377275, 0, 0, 0
377280, 0, 1, 0
377288, 0, 0, 0
377293, 0, 1, 0
377300, 0, 0, 0
377306, 0, 1, 0
377313, 0, 0, 0
377318, 1, 0, 0
377319, 1, 1, 0
377326, 1, 0, 0
377331, 0, 0, 0
377332, 0, 1, 0
377339, 0, 0, 0
377344, 0, 1, 0
377352, 0, 0, 0
377357, 0, 1, 0
377364, 0, 0, 0
377370, 0, 1, 0
377377, 0, 0, 0
377383, 0, 1, 0
377390, 0, 0, 0
377396, 0, 1, 0
377403, 0, 0, 0
377408, 0, 1, 0
377416, 0, 0, 0
377421, 0, 1, 0
377428, 0, 0, 0
377434, 0, 1, 0
377441, 0, 0, 0
377447, 0, 1, 0
377454, 0, 0, 0
377460, 0, 1, 0
377467, 0, 0, 0
377472, 0, 1, 0
377480, 0, 0, 0
377485, 0, 1, 0
377492, 0, 0, 0
377498, 0, 1, 0
377505, 0, 0, 0
377511, 0, 1, 0
377518, 0, 0, 0
377524, 0, 1, 0
377531, 0, 0, 0
377536, 0, 1, 0
377544, 0, 0, 0
377549, 0, 1, 0
377556, 0, 0, 0
377562, 0, 1, 0
377569, 0, 0, 0
377575, 0, 1, 0
377582, 0, 0, 0
377588, 0, 1, 0
377595, 0, 0, 0
377600, 0, 1, 0
377608, 0, 0, 0
377613, 0, 1, 0
377620, 0, 0, 0
377626, 0, 1, 0
377633, 0, 0, 0
377639, 0, 1, 0
377646, 0, 0, 0
377652, 0, 1, 0
377659, 0, 0, 0
377664, 0, 1, 0
377672, 0, 0, 0
377677, 0, 1, 0
377684, 0, 0, 0
377690, 0, 1, 0
377697, 0, 0, 0
377703, 0, 1, 0
377710, 0, 0, 0
377716, 0, 1, 0
377723, 0, 0, 0
377728, 0, 1, 0
377736, 0, 0, 0
377741, 0, 1, 0
377748, 0, 0, 0
377754, 0, 1, 0
377761, 0, 0, 0
377767, 0, 1, 0
377774, 0, 0, 0
377780, 0, 1, 0
377787, 0, 0, 0
377792, 0, 1, 0
377800, 0, 0, 0
377805, 0, 1, 0
377812, 0, 0, 0
377818, 0, 1, 0
377825, 0, 0, 0
377831, 0, 1, 0
377838, 0, 0, 0
377844, 0, 1, 0
377851, 0, 0, 0
377857, 0, 1, 0
377864, 0, 0, 0
377869, 0, 1, 0
377876, 0, 0, 0
377882, 0, 1, 0
377889, 0, 0, 0
377895, 0, 1, 0
377902, 0, 0, 0
377908, 0, 1, 0
377915, 0, 0, 0
377921, 0, 1, 0
377928, 0, 0, 0
377933, 0, 1, 0
377940, 0, 0, 0
377946, 0, 1, 0
377953, 0, 0, 0
377959, 0, 1, 0
377966, 0, 0, 0
377972, 0, 1, 0
377979, 0, 0, 0
377985, 0, 1, 0
377992, 0, 0, 0
377997, 0, 1, 0
378004, 0, 0, 0
378010, 0, 1, 0
378017, 0, 0, 0
378023, 0, 1, 0
378030, 0, 0, 0
378036, 0, 1, 0
378043, 0, 0, 0
378049, 0, 1, 0
378056, 0, 0, 0
378061, 0, 1, 0
378068, 0, 0, 0
378074, 0, 1, 0
378081, 0, 0, 0
378087, 0, 1, 0
378094, 0, 0, 0
378100, 0, 1, 0
378107, 0, 0, 0
378113, 0, 1, 0
378120, 0, 0, 0
378125, 0, 1, 0
378132, 0, 0, 0
378138, 0, 1, 0
378145, 0, 0, 0
378151, 0, 1, 0
378158, 0, 0, 0
378164, 0, 1, 0
378171, 0, 0, 0
378177, 0, 1, 0
378184, 0, 0, 0
378189, 0, 1, 0
378196, 0, 0, 0
378202, 0, 1, 0
378209, 0, 0, 0
378215, 0, 1, 0
378222, 0, 0, 0
378228, 0, 1, 0
378235, 0, 0, 0
378241, 0, 1, 0
378248, 0, 0, 0
378253, 0, 1, 0
378260, 0, 0, 0
378266, 0, 1, 0
378273, 0, 0, 0
378279, 0, 1, 0
378286, 0, 0, 0
378292, 0, 1, 0
378299, 0, 0, 0
378305, 0, 1, 0
378312, 0, 0, 0
378317, 0, 1, 0
378324, 0, 0, 0
378330, 0, 1, 0
378337, 0, 0, 0
378343, 0, 1, 0
378350, 0, 0, 0
378356, 0, 1, 0
378363, 0, 0, 0
378369, 0, 1, 0
378376, 0, 0, 0
378381, 0, 1, 0
378388, 0, 0, 0
378394, 0, 1, 0
378401, 0, 0, 0
378407, 0, 1, 0
378414, 0, 0, 0
378420, 0, 1, 0
378427, 0, 0, 0
378433, 0, 1, 0
378440, 0, 0, 0
378445, 0, 1, 0
378452, 0, 0, 0
378458, 0, 1, 0
378465, 0, 0, 0
378471, 0, 1, 0
378478, 0, 0, 0
378484, 0, 1, 0
378491, 0, 0, 0
378497, 0, 1, 0
378504, 0, 0, 0
378509, 0, 1, 0
378516, 0, 0, 0
378522, 0, 1, 0
378529, 0, 0, 0
378535, 0, 1, 0
378542, 0, 0, 0
378548, 0, 1, 0
378555, 0, 0, 0
378561, 0, 1, 0
378568, 0, 0, 0
378573, 0, 1, 0
378580, 0, 0, 0
378586, 0, 1, 0
378593, 0, 0, 0
378599, 0, 1, 0
378606, 0, 0, 0
378612, 0, 1, 0
378619, 0, 0, 0
378625, 0, 1, 0
378632, 0, 0, 0
378637, 0, 1, 0
378644, 0, 0, 0
378650, 0, 1, 0
378657, 0, 0, 0
378663, 0, 1, 0
378670, 0, 0, 0
378676, 0, 1, 0
378683, 0, 0, 0
378689, 0, 1, 0
378696, 0, 0, 0
378701, 0, 1, 0
378708, 0, 0, 0
378714, 0, 1, 0
378721, 0, 0, 0
378727, 0, 1, 0
378734, 0, 0, 0
378740, 0, 1, 0
378747, 0, 0, 0
378752, 0, 0, 1
378753, 0, 1, 1
378760, 0, 0, 1
378765, 1, 1, 0
378772, 1, 0, 0
378778, 1, 1, 0
378785, 1, 0, 0
378791, 1, 1, 0
378798, 1, 0, 0
378804, 1, 1, 0
378811, 1, 0, 0
378817, 1, 1, 0
378824, 1, 0, 0
378829, 1, 1, 0
378836, 1, 0, 0
378842, 0, 1, 0
378849, 0, 0, 0
378854, 1, 0, 0
378855, 1, 1, 0
378862, 1, 0, 0
378868, 1, 1, 0
378875, 1, 0, 0
378881, 1, 1, 0
378888, 1, 0, 0
378893, 0, 1, 0
378900, 0, 0, 0
378906, 0, 1, 0
378913, 0, 0, 0
378919, 0, 1, 0
378926, 0, 0, 0
378932, 0, 1, 0
378939, 0, 0, 0
378945, 0, 1, 0
378952, 0, 0, 0
378957, 1, 1, 0
378964, 1, 0, 0
378970, 0, 1, 0
378977, 0, 0, 0
378983, 0, 1, 0
378990, 0, 0, 0
378996, 0, 1, 0
379003, 0, 0, 0
379009, 0, 1, 0
379016, 0, 0, 0
379021, 0, 1, 0
379028, 0, 0, 0
379034, 0, 1, 0
379041, 0, 0, 0
379047, 0, 1, 0
379054, 0, 0, 0
379060, 0, 1, 0
379067, 0, 0, 0
379073, 0, 1, 0
379080, 0, 0, 0
379085, 0, 1, 0
379092, 0, 0, 0
379098, 0, 1, 0
379105, 0, 0, 0
379111, 0, 1, 0
379118, 0, 0, 0
379124, 0, 1, 0
379131, 0, 0, 0
379137, 0, 1, 0
379144, 0, 0, 0
379149, 0, 1, 0
379156, 0, 0, 0
379162, 0, 1, 0
379169, 0, 0, 0
379175, 0, 1, 0
379182, 0, 0, 0
379188, 0, 1, 0
379195, 0, 0, 0
379201, 0, 1, 0
379208, 0, 0, 0
379213, 0, 1, 0
379220, 0, 0, 0
379226, 0, 1, 0
379233, 0, 0, 0
379239, 0, 1, 0
379246, 0, 0, 0
379252, 0, 1, 0
379259, 0, 0, 0
379265, 0, 1, 0
379272, 0, 0, 0
379277, 0, 1, 0
379284, 0, 0, 0
379290, 0, 1, 0
379297, 0, 0, 0
379303, 0, 1, 0
379310, 0, 0, 0
379316, 0, 1, 0
379323, 0, 0, 0
379329, 0, 1, 0
379336, 0, 0, 0
379341, 0, 1, 0
379348, 0, 0, 0
379354, 0, 1, 0
379361, 0, 0, 0
379367, 0, 1, 0
379374, 0, 0, 0
379380, 0, 1, 0
379387, 0, 0, 0
379393, 0, 1, 0
379400, 0, 0, 0
379405, 0, 1, 0
379412, 0, 0, 0
379418, 0, 1, 0
379425, 0, 0, 0
379431, 0, 1, 0
379438, 0, 0, 0
379444, 0, 1, 0
379451, 0, 0, 0
379457, 0, 1, 0
379464, 0, 0, 0
379469, 0, 1, 0
379476, 0, 0, 0
379482, 0, 1, 0
379489, 0, 0, 0
379495, 0, 1, 0
379502, 0, 0, 0
379508, 0, 1, 0
379515, 0, 0, 0
379521, 0, 1, 0
379528, 0, 0, 0
379533, 0, 1, 0
379540, 0, 0, 0
379546, 0, 1, 0
379553, 0, 0, 0
379559, 0, 1, 0
379566, 0, 0, 0
379572, 0, 1, 0
379579, 0, 0, 0
379585, 0, 1, 0
379592, 0, 0, 0
379597, 0, 1, 0
379604, 0, 0, 0
379610, 0, 1, 0
379617, 0, 0, 0
379623, 0, 1, 0
379630, 0, 0, 0
379636, 0, 1, 0
379643, 0, 0, 0
379649, 0, 1, 0
379656, 0, 0, 0
379661, 0, 1, 0
379668, 0, 0, 0
379674, 0, 1, 0
379681, 0, 0, 0
379687, 0, 1, 0
379694, 0, 0, 0
379700, 0, 1, 0
379707, 0, 0, 0
379713, 0, 1, 0
379720, 0, 0, 0
379725, 0, 1, 0
379732, 0, 0, 0
379738, 0, 1, 0
379745, 0, 0, 0
379751, 0, 1, 0
379758, 0, 0, 0
379764, 0, 1, 0
379771, 0, 0, 0
379777, 0, 1, 0
379784, 0, 0, 0
379789, 0, 1, 0
379796, 0, 0, 0
379802, 0, 1, 0
379809, 0, 0, 0
379815, 0, 1, 0
379822, 0, 0, 0
379828, 0, 1, 0
379835, 0, 0, 0
379841, 0, 1, 0
379848, 0, 0, 0
379853, 0, 1, 0
379860, 0, 0, 0
379866, 0, 1, 0
379873, 0, 0, 0
379879, 0, 1, 0
379886, 0, 0, 0
379892, 0, 1, 0
379899, 0, 0, 0
379905, 0, 1, 0
379912, 0, 0, 0
379917, 0, 1, 0
379924, 0, 0, 0
379930, 0, 1, 0
379937, 0, 0, 0
379943, 0, 1, 0
379950, 0, 0, 0
379956, 0, 1, 0
379963, 0, 0, 0
379969, 0, 1, 0
379976, 0, 0, 0
379981, 0, 1, 0
379988, 0, 0, 0
379994, 0, 1, 0
380001, 0, 0, 0
380007, 0, 1, 0
380014, 0, 0, 0
380020, 0, 1, 0
380027, 0, 0, 0
380033, 0, 1, 0
380040, 0, 0, 0
380045, 0, 1, 0
380052, 0, 0, 0
380058, 0, 1, 0
380065, 0, 0, 0
380071, 0, 1, 0
380078, 0, 0, 0
380084, 0, 1, 0
380091, 0, 0, 0
380097, 0, 1, 0
380104, 0, 0, 0
380109, 0, 1, 0
380116, 0, 0, 0
380122, 0, 1, 0
380129, 0, 0, 0
380135, 0, 1, 0
380142, 0, 0, 0
380148, 0, 1, 0
380155, 0, 0, 0
380161, 0, 1, 0
380168, 0, 0, 0
380173, 0, 1, 0
380180, 0, 0, 0
380186, 0, 1, 0
380193, 0, 0, 0
380199, 0, 1, 0
380206, 0, 0, 0
380212, 0, 1, 0
380219, 0, 0, 0
380225, 0, 1, 0
380232, 0, 0, 0
380237, 0, 1, 0
380244, 0, 0, 0
380250, 0, 1, 0
380257, 0, 0, 0
380263, 0, 1, 0
380270, 0, 0, 0
380276, 0, 1, 0
380283, 0, 0, 0
380289, 0, 1, 0
380296, 0, 0, 0
380301, 0, 1, 0
380308, 0, 0, 0
380314, 0, 1, 0
380321, 0, 0, 0
380327, 0, 1, 0
380334, 0, 0, 0
380340, 0, 1, 0
380347, 0, 0, 0
380353, 0, 1, 0
380360, 0, 0, 0
380365, 0, 1, 0
380372, 0, 0, 0
380378, 0, 1, 0
380385, 0, 0, 0
380391, 0, 1, 1
380398, 0, 0, 1
380403, 1, 0, 1
380404, 1, 1, 0
380411, 1, 0, 0
380417, 1, 1, 0
380424, 1, 0, 0
380429, 1, 1, 0
380436, 1, 0, 0
380442, 1, 1, 0
380449, 1, 0, 0
380455, 1, 1, 0
380462, 1, 0, 0
380468, 1, 1, 0
380475, 1, 0, 0
380480, 0, 0, 0
380481, 0, 1, 0
380488, 0, 0, 0
380493, 1, 1, 0
380500, 1, 0, 0
380506, 1, 1, 0
380513, 1, 0, 0
380519, 1, 1, 0
380526, 1, 0, 0
380531, 0, 0, 0
380532, 0, 1, 0
380539, 0, 0, 0
380545, 0, 1, 0
380552, 0, 0, 0
380557, 0, 1, 0
380564, 0, 0, 0
380570, 0, 1, 0
380577, 0, 0, 0
380583, 0, 1, 0
380590, 0, 0, 0
380595, 1, 0, 0
380596, 1, 1, 0
380603, 1, 0, 0
380608, 0, 0, 0
380609, 0, 1, 0
380616, 0, 0, 0
380621, 0, 1, 0
380628, 0, 0, 0
380634, 0, 1, 0
380641, 0, 0, 0
380647, 0, 1, 0
380654, 0, 0, 0
380660, 0, 1, 0
380667, 0, 0, 0
380673, 0, 1, 0
380680, 0, 0, 0
380685, 0, 1, 0
380692, 0, 0, 0
380698, 0, 1, 0
380705, 0, 0, 0
380711, 0, 1, 0
380718, 0, 0, 0
380724, 0, 1, 0
380731, 0, 0, 0
380737, 0, 1, 0
380744, 0, 0, 0
380749, 0, 1, 0
380756, 0, 0, 0
380762, 0, 1, 0
380769, 0, 0, 0
380775, 0, 1, 0
380782, 0, 0, 0
380788, 0, 1, 0
380795, 0, 0, 0
380801, 0, 1, 0
380808, 0, 0, 0
380813, 0, 1, 0
380820, 0, 0, 0
380826, 0, 1, 0
380833, 0, 0, 0
380839, 0, 1, 0
380846, 0, 0, 0
380852, 0, 1, 0
380859, 0, 0, 0
380865, 0, 1, 0
380872, 0, 0, 0
380877, 0, 1, 0
380884, 0, 0, 0
380890, 0, 1, 0
380897, 0, 0, 0
380903, 0, 1, 0
380910, 0, 0, 0
380916, 0, 1, 0
380923, 0, 0, 0
380929, 0, 1, 0
380936, 0, 0, 0
380941, 0, 1, 0
380948, 0, 0, 0
380954, 0, 1, 0
380961, 0, 0, 0
380967, 0, 1, 0
380974, 0, 0, 0
380980, 0, 1, 0
380987, 0, 0, 0
380993, 0, 1, 0
381000, 0, 0, 0
381005, 0, 1, 0
381012, 0, 0, 0
381018, 0, 1, 0
381025, 0, 0, 0
381031, 0, 1, 0
381038, 0, 0, 0
381044, 0, 1, 0
381051, 0, 0, 0
381057, 0, 1, 0
381064, 0, 0, 0
381069, 0, 1, 0
381076, 0, 0, 0
381082, 0, 1, 0
381089, 0, 0, 0
381095, 0, 1, 0
381102, 0, 0, 0
381108, 0, 1, 0
381115, 0, 0, 0
381121, 0, 1, 0
381128, 0, 0, 0
381133, 0, 1, 0
381140, 0, 0, 0
381146, 0, 1, 0
381153, 0, 0, 0
381159, 0, 1, 0
381166, 0, 0, 0
381172, 0, 1, 0
381179, 0, 0, 0
381185, 0, 1, 0
381192, 0, 0, 0
381197, 0, 1, 0
381204, 0, 0, 0
381210, 0, 1, 0
381217, 0, 0, 0
381223, 0, 1, 0
381230, 0, 0, 0
381236, 0, 1, 0
381243, 0, 0, 0
381249, 0, 1, 0
381256, 0, 0, 0
381261, 0, 1, 0
381268, 0, 0, 0
381274, 0, 1, 0
381281, 0, 0, 0
381287, 0, 1, 0
381294, 0, 0, 0
381300, 0, 1, 0
381307, 0, 0, 0
381313, 0, 1, 0
381320, 0, 0, 0
381325, 0, 1, 0
381332, 0, 0, 0
381338, 0, 1, 0
381345, 0, 0, 0
381351, 0, 1, 0
381358, 0, 0, 0
381364, 0, 1, 0
381371, 0, 0, 0
381377, 0, 1, 0
381384, 0, 0, 0
381389, 0, 1, 0
381396, 0, 0, 0
381402, 0, 1, 0
381409, 0, 0, 0
381415, 0, 1, 0
381422, 0, 0, 0
381428, 0, 1, 0
381435, 0, 0, 0
381441, 0, 1, 0
381448, 0, 0, 0
381453, 0, 1, 0
381460, 0, 0, 0
381466, 0, 1, 0
381473, 0, 0, 0
381479, 0, 1, 0
381486, 0, 0, 0
381492, 0, 1, 0
381499, 0, 0, 0
381505, 0, 1, 0
381512, 0, 0, 0
381517, 0, 1, 0
381524, 0, 0, 0
381530, 0, 1, 0
381537, 0, 0, 0
381543, 0, 1, 0
381550, 0, 0, 0
381556, 0, 1, 0
381563, 0, 0, 0
381569, 0, 1, 0
381576, 0, 0, 0
381581, 0, 1, 0
381588, 0, 0, 0
381594, 0, 1, 0
381601, 0, 0, 0
381607, 0, 1, 0
381614, 0, 0, 0
381620, 0, 1, 0
381627, 0, 0, 0
381633, 0, 1, 0
381640, 0, 0, 0
381645, 0, 1, 0
381652, 0, 0, 0
381658, 0, 1, 0
381665, 0, 0, 0
381671, 0, 1, 0
381678, 0, 0, 0
381684, 0, 1, 0
381691, 0, 0, 0
381697, 0, 1, 0
381704, 0, 0, 0
381709, 0, 1, 0
381716, 0, 0, 0
381722, 0, 1, 0
381729, 0, 0, 0
381735, 0, 1, 0
381742, 0, 0, 0
381748, 0, 1, 0
381755, 0, 0, 0
381761, 0, 1, 0
381768, 0, 0, 0
381773, 0, 1, 0
381780, 0, 0, 0
381786, 0, 1, 0
381793, 0, 0, 0
381799, 0, 1, 0
381806, 0, 0, 0
381812, 0, 1, 0
381819, 0, 0, 0
381825, 0, 1, 0
381832, 0, 0, 0
381837, 0, 1, 0
381844, 0, 0, 0
381850, 0, 1, 0
381857, 0, 0, 0
381863, 0, 1, 0
381870, 0, 0, 0
381876, 0, 1, 0
381883, 0, 0, 0
381889, 0, 1, 0
381896, 0, 0, 0
381901, 0, 1, 0
381908, 0, 0, 0
381914, 0, 1, 0
381921, 0, 0, 0
381927, 0, 1, 0
381934, 0, 0, 0
381940, 0, 1, 0
381947, 0, 0, 0
381953, 0, 1, 0
381960, 0, 0, 0
381965, 0, 1, 0
381972, 0, 0, 0
381978, 0, 1, 0
381985, 0, 0, 0
381991, 0, 1, 0
381998, 0, 0, 0
382004, 0, 1, 0
382011, 0, 0, 0
382017, 0, 1, 0
382024, 0, 0, 0
382029, 0, 1, 1
382036, 0, 0, 1
382042, 1, 1, 0
382049, 1, 0, 0
382055, 1, 1, 0
382062, 1, 0, 0
382068, 1, 1, 0
382075, 1, 0, 0
382081, 1, 1, 0
382088, 1, 0, 0
382093, 1, 1, 0
382101, 1, 0, 0
382106, 1, 1, 0
382113, 1, 0, 0
382119, 0, 1, 0
382126, 0, 0, 0
382131, 1, 0, 0
382132, 1, 1, 0
382139, 1, 0, 0
382145, 1, 1, 0
382152, 1, 0, 0
382157, 1, 1, 0
382165, 1, 0, 0
382170, 0, 1, 0
382177, 0, 0, 0
382183, 0, 1, 0
382190, 0, 0, 0
382196, 0, 1, 0
382203, 0, 0, 0
382209, 0, 1, 0
382216, 0, 0, 0
382221, 0, 1, 0
382229, 0, 0, 0
382234, 1, 1, 0
382241, 1, 0, 0
382247, 0, 1, 0
382254, 0, 0, 0
382260, 0, 1, 0
382267, 0, 0, 0
382273, 0, 1, 0
382280, 0, 0, 0
382285, 0, 1, 0
382293, 0, 0, 0
382298, 0, 1, 0
382305, 0, 0, 0
382311, 0, 1, 0
382318, 0, 0, 0
382324, 0, 1, 0
382331, 0, 0, 0
382337, 0, 1, 0
382344, 0, 0, 0
382349, 0, 1, 0
382357, 0, 0, 0
382362, 0, 1, 0
382369, 0, 0, 0
382375, 0, 1, 0
382382, 0, 0, 0
382388, 0, 1, 0
382395, 0, 0, 0
382401, 0, 1, 0
382408, 0, 0, 0
382413, 0, 1, 0
382421, 0, 0, 0
382426, 0, 1, 0
382433, 0, 0, 0
382439, 0, 1, 0
382446, 0, 0, 0
382452, 0, 1, 0
382459, 0, 0, 0
382465, 0, 1, 0
382472, 0, 0, 0
382477, 0, 1, 0
382485, 0, 0, 0
382490, 0, 1, 0
382497, 0, 0, 0
382503, 0, 1, 0
382510, 0, 0, 0
382516, 0, 1, 0
382523, 0, 0, 0
382529, 0, 1, 0
382536, 0, 0, 0
382541, 0, 1, 0
382549, 0, 0, 0
382554, 0, 1, 0
382561, 0, 0, 0
382567, 0, 1, 0
382574, 0, 0, 0
382580, 0, 1, 0
382587, 0, 0, 0
382593, 0, 1, 0
382600, 0, 0, 0
382605, 0, 1, 0
382613, 0, 0, 0
382618, 0, 1, 0
382625, 0, 0, 0
382631, 0, 1, 0
382638, 0, 0, 0
382644, 0, 1, 0
382651, 0, 0, 0
382657, 0, 1, 0
382664, 0, 0, 0
382669, 0, 1, 0
382677, 0, 0, 0
382682, 0, 1, 0
382689, 0, 0, 0
382695, 0, 1, 0
382702, 0, 0, 0
382708, 0, 1, 0
382715, 0, 0, 0
382721, 0, 1, 0
382728, 0, 0, 0
382733, 0, 1, 0
382741, 0, 0, 0
382746, 0, 1, 0
382753, 0, 0, 0
382759, 0, 1, 0
382766, 0, 0, 0
382772, 0, 1, 0
382779, 0, 0, 0
382785, 0, 1, 0
382792, 0, 0, 0
382798, 0, 1, 0
382805, 0, 0, 0
382810, 0, 1, 0
382817, 0, 0, 0
382823, 0, 1, 0
382830, 0, 0, 0
382836, 0, 1, 0
382843, 0, 0, 0
382849, 0, 1, 0
382856, 0, 0, 0
382862, 0, 1, 0
382869, 0, 0, 0
382874, 0, 1, 0
382881, 0, 0, 0
382887, 0, 1, 0
382894, 0, 0, 0
382900, 0, 1, 0
382907, 0, 0, 0
382913, 0, 1, 0
382920, 0, 0, 0
382926, 0, 1, 0
382933, 0, 0, 0
382938, 0, 1, 0
382945, 0, 0, 0
382951, 0, 1, 0
382958, 0, 0, 0
382964, 0, 1, 0
382971, 0, 0, 0
382977, 0, 1, 0
382984, 0, 0, 0
382990, 0, 1, 0
382997, 0, 0, 0
383002, 0, 1, 0
383009, 0, 0, 0
383015, 0, 1, 0
383022, 0, 0, 0
383028, 0, 1, 0
383035, 0, 0, 0
383041, 0, 1, 0
383048, 0, 0, 0
383054, 0, 1, 0
383061, 0, 0, 0
383066, 0, 1, 0
383073, 0, 0, 0
383079, 0, 1, 0
383086, 0, 0, 0
383092, 0, 1, 0
383099, 0, 0, 0
383105, 0, 1, 0
383112, 0, 0, 0
383118, 0, 1, 0
383125, 0, 0, 0
383130, 0, 1, 0
383137, 0, 0, 0
383143, 0, 1, 0
383150, 0, 0, 0
383156, 0, 1, 0
383163, 0, 0, 0
383169, 0, 1, 0
383176, 0, 0, 0
383182, 0, 1, 0
383189, 0, 0, 0
383194, 0, 1, 0
383201, 0, 0, 0
383207, 0, 1, 0
383214, 0, 0, 0
383220, 0, 1, 0
383227, 0, 0, 0
383233, 0, 1, 0
383240, 0, 0, 0
383246, 0, 1, 0
383253, 0, 0, 0
383258, 0, 1, 0
383265, 0, 0, 0
383271, 0, 1, 0
383278, 0, 0, 0
383284, 0, 1, 0
383291, 0, 0, 0
383297, 0, 1, 0
383304, 0, 0, 0
383310, 0, 1, 0
383317, 0, 0, 0
383322, 0, 1, 0
383329, 0, 0, 0
383335, 0, 1, 0
383342, 0, 0, 0
383348, 0, 1, 0
383355, 0, 0, 0
383361, 0, 1, 0
383368, 0, 0, 0
383374, 0, 1, 0
383381, 0, 0, 0
383386, 0, 1, 0
383393, 0, 0, 0
383399, 0, 1, 0
383406, 0, 0, 0
383412, 0, 1, 0
383419, 0, 0, 0
383425, 0, 1, 0
383432, 0, 0, 0
383438, 0, 1, 0
383445, 0, 0, 0
383450, 0, 1, 0
383457, 0, 0, 0
383463, 0, 1, 0
383470, 0, 0, 0
383476, 0, 1, 0
383483, 0, 0, 0
383489, 0, 1, 0
383496, 0, 0, 0
383502, 0, 1, 0
383509, 0, 0, 0
383514, 0, 1, 0
383521, 0, 0, 0
383527, 0, 1, 0
383534, 0, 0, 0
383540, 0, 1, 0
383547, 0, 0, 0
383553, 0, 1, 0
383560, 0, 0, 0
383566, 0, 1, 0
383573, 0, 0, 0
383578, 0, 1, 0
383585, 0, 0, 0
383591, 0, 1, 0
383598, 0, 0, 0
383604, 0, 1, 0
383611, 0, 0, 0
383617, 0, 1, 0
383624, 0, 0, 0
383630, 0, 1, 0
383637, 0, 0, 0
383642, 0, 1, 0
383649, 0, 0, 0
383655, 0, 1, 0
383662, 0, 0, 0
383668, 0, 1, 1
383675, 0, 0, 1
383680, 1, 0, 1
383681, 1, 1, 0
383688, 1, 0, 0
383694, 1, 1, 0
383701, 1, 0, 0
383706, 1, 1, 0
383713, 1, 0, 0
383719, 1, 1, 0
383726, 1, 0, 0
383732, 1, 1, 0
383739, 1, 0, 0
383745, 1, 1, 0
383752, 1, 0, 0
383757, 0, 0, 0
383758, 0, 1, 0
383765, 0, 0, 0
383770, 1, 1, 0
383777, 1, 0, 0
383783, 1, 1, 0
383790, 1, 0, 0
383796, 1, 1, 0
383803, 1, 0, 0
383808, 0, 0, 0
383809, 0, 1, 0
383816, 0, 0, 0
383822, 0, 1, 0
383829, 0, 0, 0
383834, 0, 1, 0
383841, 0, 0, 0
383847, 0, 1, 0
383854, 0, 0, 0
383860, 0, 1, 0
383867, 0, 0, 0
383872, 1, 0, 0
383873, 1, 1, 0
383880, 1, 0, 0
383885, 0, 0, 0
383886, 0, 1, 0
383893, 0, 0, 0
383898, 0, 1, 0
383905, 0, 0, 0
383911, 0, 1, 0
383918, 0, 0, 0
383924, 0, 1, 0
383931, 0, 0, 0
383937, 0, 1, 0
383944, 0, 0, 0
383950, 0, 1, 0
383957, 0, 0, 0
383962, 0, 1, 0
383969, 0, 0, 0
383975, 0, 1, 0
383982, 0, 0, 0
383988, 0, 1, 0
383995, 0, 0, 0
384001, 0, 1, 0
384008, 0, 0, 0
384014, 0, 1, 0
384021, 0, 0, 0
384026, 0, 1, 0
384033, 0, 0, 0
384039, 0, 1, 0
384046, 0, 0, 0
384052, 0, 1, 0
384059, 0, 0, 0
384065, 0, 1, 0
384072, 0, 0, 0
384078, 0, 1, 0
384085, 0, 0, 0
384090, 0, 1, 0
384097, 0, 0, 0
384103, 0, 1, 0
384110, 0, 0, 0
384116, 0, 1, 0
384123, 0, 0, 0
384129, 0, 1, 0
384136, 0, 0, 0
384142, 0, 1, 0
384149, 0, 0, 0
384154, 0, 1, 0
384161, 0, 0, 0
384167, 0, 1, 0
384174, 0, 0, 0
384180, 0, 1, 0
384187, 0, 0, 0
384193, 0, 1, 0
384200, 0, 0, 0
384206, 0, 1, 0
384213, 0, 0, 0
384218, 0, 1, 0
384225, 0, 0, 0
384231, 0, 1, 0
384238, 0, 0, 0
384244, 0, 1, 0
384251, 0, 0, 0
384257, 0, 1, 0
384264, 0, 0, 0
384270, 0, 1, 0
384277, 0, 0, 0
384282, 0, 1, 0
384289, 0, 0, 0
384295, 0, 1, 0
384302, 0, 0, 0
384308, 0, 1, 0
384315, 0, 0, 0
384321, 0, 1, 0
384328, 0, 0, 0
384334, 0, 1, 0
384341, 0, 0, 0
384346, 0, 1, 0
384353, 0, 0, 0
384359, 0, 1, 0
384366, 0, 0, 0
384372, 0, 1, 0
384379, 0, 0, 0
384385, 0, 1, 0
384392, 0, 0, 0
384398, 0, 1, 0
384405, 0, 0, 0
384410, 0, 1, 0
384417, 0, 0, 0
384423, 0, 1, 0
384430, 0, 0, 0
384436, 0, 1, 0
384443, 0, 0, 0
384449, 0, 1, 0
384456, 0, 0, 0
384462, 0, 1, 0
384469, 0, 0, 0
384474, 0, 1, 0
384481, 0, 0, 0
384487, 0, 1, 0
384494, 0, 0, 0
384500, 0, 1, 0
384507, 0, 0, 0
384513, 0, 1, 0
384520, 0, 0, 0
384526, 0, 1, 0
384533, 0, 0, 0
384538, 0, 1, 0
384545, 0, 0, 0
384551, 0, 1, 0
384558, 0, 0, 0
384564, 0, 1, 0
384571, 0, 0, 0
384577, 0, 1, 0
384584, 0, 0, 0
384590, 0, 1, 0
384597, 0, 0, 0
384602, 0, 1, 0
384609, 0, 0, 0
384615, 0, 1, 0
384622, 0, 0, 0
384628, 0, 1, 0
384635, 0, 0, 0
384641, 0, 1, 0
384648, 0, 0, 0
384654, 0, 1, 0
384661, 0, 0, 0
384666, 0, 1, 0
384673, 0, 0, 0
384679, 0, 1, 0
384686, 0, 0, 0
384692, 0, 1, 0
384699, 0, 0, 0
384705, 0, 1, 0
384712, 0, 0, 0
384718, 0, 1, 0
384725, 0, 0, 0
384730, 0, 1, 0
384737, 0, 0, 0
384743, 0, 1, 0
384750, 0, 0, 0
384756, 0, 1, 0
384763, 0, 0, 0
384769, 0, 1, 0
384776, 0, 0, 0
384782, 0, 1, 0
384789, 0, 0, 0
384794, 0, 1, 0
384801, 0, 0, 0
384807, 0, 1, 0
384814, 0, 0, 0
384820, 0, 1, 0
384827, 0, 0, 0
384833, 0, 1, 0
384840, 0, 0, 0
384846, 0, 1, 0
384853, 0, 0, 0
384858, 0, 1, 0
384865, 0, 0, 0
384871, 0, 1, 0
384878, 0, 0, 0
384884, 0, 1, 0
384891, 0, 0, 0
384897, 0, 1, 0
384904, 0, 0, 0
384910, 0, 1, 0
384917, 0, 0, 0
384922, 0, 1, 0
384929, 0, 0, 0
384935, 0, 1, 0
384942, 0, 0, 0
384948, 0, 1, 0
384955, 0, 0, 0
384961, 0, 1, 0
384968, 0, 0, 0
384974, 0, 1, 0
384981, 0, 0, 0
384986, 0, 1, 0
384993, 0, 0, 0
384999, 0, 1, 0
385006, 0, 0, 0
385012, 0, 1, 0
385019, 0, 0, 0
385025, 0, 1, 0
385032, 0, 0, 0
385038, 0, 1, 0
385045, 0, 0, 0
385050, 0, 1, 0
385057, 0, 0, 0
385063, 0, 1, 0
385070, 0, 0, 0
385076, 0, 1, 0
385083, 0, 0, 0
385089, 0, 1, 0
385096, 0, 0, 0
385102, 0, 1, 0
385109, 0, 0, 0
385114, 0, 1, 0
385121, 0, 0, 0
385127, 0, 1, 0
385134, 0, 0, 0
385140, 0, 1, 0
385147, 0, 0, 0
385153, 0, 1, 0
385160, 0, 0, 0
385166, 0, 1, 0
385173, 0, 0, 0
385178, 0, 1, 0
385185, 0, 0, 0
385191, 0, 1, 0
385198, 0, 0, 0
385204, 0, 1, 0
385211, 0, 0, 0
385217, 0, 1, 0
385224, 0, 0, 0
385230, 0, 1, 0
385237, 0, 0, 0
385242, 0, 1, 0
385249, 0, 0, 0
385255, 0, 1, 0
385262, 0, 0, 0
385268, 0, 1, 0
385275, 0, 0, 0
385281, 0, 1, 0
385288, 0, 0, 0
385294, 0, 1, 0
385301, 0, 0, 0
385306, 0, 1, 1
385313, 0, 0, 1
385319, 1, 1, 0
385326, 1, 0, 0
385332, 1, 1, 0
385339, 1, 0, 0
385345, 1, 1, 0
385352, 1, 0, 0
385358, 1, 1, 0
385365, 1, 0, 0
385370, 1, 1, 0
385377, 1, 0, 0
385383, 1, 1, 0
385390, 1, 0, 0
385396, 0, 1, 0
385403, 0, 0, 0
385408, 1, 0, 0
385409, 1, 1, 0
385416, 1, 0, 0
385422, 1, 1, 0
385429, 1, 0, 0
385434, 1, 1, 0
385441, 1, 0, 0
385447, 0, 1, 0
385454, 0, 0, 0
385460, 0, 1, 0
385467, 0, 0, 0
385473, 0, 1, 0
385480, 0, 0, 0
385486, 0, 1, 0
385493, 0, 0, 0
385498, 0, 1, 0
385505, 0, 0, 0
385511, 1, 1, 0
385518, 1, 0, 0
385524, 0, 1, 0
385531, 0, 0, 0
385537, 0, 1, 0
385544, 0, 0, 0
385550, 0, 1, 0
385557, 0, 0, 0
385562, 0, 1, 0
385569, 0, 0, 0
385575, 0, 1, 0
385582, 0, 0, 0
385588, 0, 1, 0
385595, 0, 0, 0
385601, 0, 1, 0
385608, 0, 0, 0
385614, 0, 1, 0
385621, 0, 0, 0
385626, 0, 1, 0
385633, 0, 0, 0
385639, 0, 1, 0
385646, 0, 0, 0
385652, 0, 1, 0
385659, 0, 0, 0
385665, 0, 1, 0
385672, 0, 0, 0
385678, 0, 1, 0
385685, 0, 0, 0
385690, 0, 1, 0
385697, 0, 0, 0
385703, 0, 1, 0
385710, 0, 0, 0
385716, 0, 1, 0
385723, 0, 0, 0
385729, 0, 1, 0
385736, 0, 0, 0
385742, 0, 1, 0
385749, 0, 0, 0
385754, 0, 1, 0
385761, 0, 0, 0
385767, 0, 1, 0
385774, 0, 0, 0
385780, 0, 1, 0
385787, 0, 0, 0
385793, 0, 1, 0
385800, 0, 0, 0
385806, 0, 1, 0
385813, 0, 0, 0
385818, 0, 1, 0
385825, 0, 0, 0
385831, 0, 1, 0
385838, 0, 0, 0
385844, 0, 1, 0
385851, 0, 0, 0
385857, 0, 1, 0
385864, 0, 0, 0
385870, 0, 1, 0
385877, 0, 0, 0
385882, 0, 1, 0
385889, 0, 0, 0
385895, 0, 1, 0
385902, 0, 0, 0
385908, 0, 1, 0
385915, 0, 0, 0
385921, 0, 1, 0
385928, 0, 0, 0
385934, 0, 1, 0
385941, 0, 0, 0
385946, 0, 1, 0
385953, 0, 0, 0
385959, 0, 1, 0
385966, 0, 0, 0
385972, 0, 1, 0
385979, 0, 0, 0
385985, 0, 1, 0
385992, 0, 0, 0
385998, 0, 1, 0
386005, 0, 0, 0
386010, 0, 1, 0
386017, 0, 0, 0
386023, 0, 1, 0
386030, 0, 0, 0
386036, 0, 1, 0
386043, 0, 0, 0
386049, 0, 1, 0
386056, 0, 0, 0
386062, 0, 1, 0
386069, 0, 0, 0
386074, 0, 1, 0
386081, 0, 0, 0
386087, 0, 1, 0
386094, 0, 0, 0
386100, 0, 1, 0
386107, 0, 0, 0
386113, 0, 1, 0
386120, 0, 0, 0
386126, 0, 1, 0
386133, 0, 0, 0
386138, 0, 1, 0
386145, 0, 0, 0
386151, 0, 1, 0
386158, 0, 0, 0
386164, 0, 1, 0
386171, 0, 0, 0
386177, 0, 1, 0
386184, 0, 0, 0
386190, 0, 1, 0
386197, 0, 0, 0
386202, 0, 1, 0
386209, 0, 0, 0
386215, 0, 1, 0
386222, 0, 0, 0
386228, 0, 1, 0
386235, 0, 0, 0
386241, 0, 1, 0
386248, 0, 0, 0
386254, 0, 1, 0
386261, 0, 0, 0
386266, 0, 1, 0
386273, 0, 0, 0
386279, 0, 1, 0
386286, 0, 0, 0
386292, 0, 1, 0
386299, 0, 0, 0
386305, 0, 1, 0
386312, 0, 0, 0
386318, 0, 1, 0
386325, 0, 0, 0
386330, 0, 1, 0
386337, 0, 0, 0
386343, 0, 1, 0
386350, 0, 0, 0
386356, 0, 1, 0
386363, 0, 0, 0
386369, 0, 1, 0
386376, 0, 0, 0
386382, 0, 1, 0
386389, 0, 0, 0
386394, 0, 1, 0
386401, 0, 0, 0
386407, 0, 1, 0
386414, 0, 0, 0
386420, 0, 1, 0
386427, 0, 0, 0
386433, 0, 1, 0
386440, 0, 0, 0
386446, 0, 1, 0
386453, 0, 0, 0
386458, 0, 1, 0
386465, 0, 0, 0
386471, 0, 1, 0
386478, 0, 0, 0
386484, 0, 1, 0
386491, 0, 0, 0
386497, 0, 1, 0
386504, 0, 0, 0
386510, 0, 1, 0
386517, 0, 0, 0
386522, 0, 1, 0
386529, 0, 0, 0
386535, 0, 1, 0
386542, 0, 0, 0
386548, 0, 1, 0
386555, 0, 0, 0
386561, 0, 1, 0
386568, 0, 0, 0
386574, 0, 1, 0
386581, 0, 0, 0
386586, 0, 1, 0
386593, 0, 0, 0
386599, 0, 1, 0
386606, 0, 0, 0
386612, 0, 1, 0
386619, 0, 0, 0
386625, 0, 1, 0
386632, 0, 0, 0
386638, 0, 1, 0
386645, 0, 0, 0
386650, 0, 1, 0
386657, 0, 0, 0
386663, 0, 1, 0
386670, 0, 0, 0
386676, 0, 1, 0
386683, 0, 0, 0
386689, 0, 1, 0
386696, 0, 0, 0
386702, 0, 1, 0
386709, 0, 0, 0
386714, 0, 1, 0
386721, 0, 0, 0
386727, 0, 1, 0
386734, 0, 0, 0
386740, 0, 1, 0
386747, 0, 0, 0
386753, 0, 1, 0
386760, 0, 0, 0
386766, 0, 1, 0
386773, 0, 0, 0
386778, 0, 1, 0
386785, 0, 0, 0
386791, 0, 1, 0
386798, 0, 0, 0
386804, 0, 1, 0
386811, 0, 0, 0
386817, 0, 1, 0
386824, 0, 0, 0
386830, 0, 1, 0
386837, 0, 0, 0
386842, 0, 1, 0
386849, 0, 0, 0
386855, 0, 1, 0
386862, 0, 0, 0
386868, 0, 1, 0
386875, 0, 0, 0
386881, 0, 1, 0
386888, 0, 0, 0
386894, 0, 1, 0
386901, 0, 0, 0
386906, 0, 1, 0
386913, 0, 0, 0
386919, 0, 1, 0
386926, 0, 0, 0
386932, 0, 1, 0
386939, 0, 0, 0
386945, 0, 1, 1
386952, 0, 0, 1
386957, 1, 0, 0
386958, 1, 1, 0
386965, 1, 0, 0
386970, 1, 1, 0
386977, 1, 0, 0
386983, 1, 1, 0
386990, 1, 0, 0
386996, 1, 1, 0
387003, 1, 0, 0
387009, 1, 1, 0
387016, 1, 0, 0
387022, 1, 1, 0
387029, 1, 0, 0
387034, 0, 1, 0
387042, 0, 0, 0
387047, 1, 1, 0
387054, 1, 0, 0
387060, 1, 1, 0
387067, 1, 0, 0
387073, 1, 1, 0
387080, 1, 0, 0
387085, 0, 0, 0
387086, 0, 1, 0
387093, 0, 0, 0
387098, 0, 1, 0
387106, 0, 0, 0
387111, 0, 1, 0
387118, 0, 0, 0
387124, 0, 1, 0
387131, 0, 0, 0
387137, 0, 1, 0
387144, 0, 0, 0
387149, 1, 0, 0
387150, 1, 1, 0
387157, 1, 0, 0
387162, 0, 1, 0
387170, 0, 0, 0
387175, 0, 1, 0
387182, 0, 0, 0
387188, 0, 1, 0
387195, 0, 0, 0
387201, 0, 1, 0
387208, 0, 0, 0
387214, 0, 1, 0
387221, 0, 0, 0
387226, 0, 1, 0
387234, 0, 0, 0
387239, 0, 1, 0
387246, 0, 0, 0
387252, 0, 1, 0
387259, 0, 0, 0
387265, 0, 1, 0
387272, 0, 0, 0
387278, 0, 1, 0
387285, 0, 0, 0
387290, 0, 1, 0
387298, 0, 0, 0
387303, 0, 1, 0
387310, 0, 0, 0
387316, 0, 1, 0
387323, 0, 0, 0
387329, 0, 1, 0
387336, 0, 0, 0
387342, 0, 1, 0
387349, 0, 0, 0
387354, 0, 1, 0
387362, 0, 0, 0
387367, 0, 1, 0
387374, 0, 0, 0
387380, 0, 1, 0
387387, 0, 0, 0
387393, 0, 1, 0
387400, 0, 0, 0
387406, 0, 1, 0
387413, 0, 0, 0
387418, 0, 1, 0
387426, 0, 0, 0
387431, 0, 1, 0
387438, 0, 0, 0
387444, 0, 1, 0
387451, 0, 0, 0
387457, 0, 1, 0
387464, 0, 0, 0
387470, 0, 1, 0
387477, 0, 0, 0
387482, 0, 1, 0
387490, 0, 0, 0
387495, 0, 1, 0
387502, 0, 0, 0
387508, 0, 1, 0
387515, 0, 0, 0
387521, 0, 1, 0
387528, 0, 0, 0
387534, 0, 1, 0
387541, 0, 0, 0
387546, 0, 1, 0
387554, 0, 0, 0
387559, 0, 1, 0
387566, 0, 0, 0
387572, 0, 1, 0
387579, 0, 0, 0
387585, 0, 1, 0
387592, 0, 0, 0
387598, 0, 1, 0
387605, 0, 0, 0
387610, 0, 1, 0
387618, 0, 0, 0
387623, 0, 1, 0
387630, 0, 0, 0
387636, 0, 1, 0
387643, 0, 0, 0
387649, 0, 1, 0
387656, 0, 0, 0
387662, 0, 1, 0
387669, 0, 0, 0
387675, 0, 1, 0
387682, 0, 0, 0
387687, 0, 1, 0
387694, 0, 0, 0
387700, 0, 1, 0
387707, 0, 0, 0
387713, 0, 1, 0
387720, 0, 0, 0
387726, 0, 1, 0
387733, 0, 0, 0
387739, 0, 1, 0
387746, 0, 0, 0
387751, 0, 1, 0
387758, 0, 0, 0
387764, 0, 1, 0
387771, 0, 0, 0
387777, 0, 1, 0
387784, 0, 0, 0
387790, 0, 1, 0
387797, 0, 0, 0
387803, 0, 1, 0
387810, 0, 0, 0
387815, 0, 1, 0
387822, 0, 0, 0
387828, 0, 1, 0
387835, 0, 0, 0
387841, 0, 1, 0
387848, 0, 0, 0
387854, 0, 1, 0
387861, 0, 0, 0
387867, 0, 1, 0
387874, 0, 0, 0
387879, 0, 1, 0
387886, 0, 0, 0
387892, 0, 1, 0
387899, 0, 0, 0
387905, 0, 1, 0
387912, 0, 0, 0
387918, 0, 1, 0
387925, 0, 0, 0
387931, 0, 1, 0
387938, 0, 0, 0
387943, 0, 1, 0
387950, 0, 0, 0
387956, 0, 1, 0
387963, 0, 0, 0
387969, 0, 1, 0
387976, 0, 0, 0
387982, 0, 1, 0
387989, 0, 0, 0
387995, 0, 1, 0
388002, 0, 0, 0
388007, 0, 1, 0
388014, 0, 0, 0
388020, 0, 1, 0
388027, 0, 0, 0
388033, 0, 1, 0
388040, 0, 0, 0
388046, 0, 1, 0
388053, 0, 0, 0
388059, 0, 1, 0
388066, 0, 0, 0
388071, 0, 1, 0
388078, 0, 0, 0
388084, 0, 1, 0
388091, 0, 0, 0
388097, 0, 1, 0
388104, 0, 0, 0
388110, 0, 1, 0
388117, 0, 0, 0
388123, 0, 1, 0
388130, 0, 0, 0
388135, 0, 1, 0
388142, 0, 0, 0
388148, 0, 1, 0
388155, 0, 0, 0
388161, 0, 1, 0
388168, 0, 0, 0
388174, 0, 1, 0
388181, 0, 0, 0
388187, 0, 1, 0
388194, 0, 0, 0
388199, 0, 1, 0
388206, 0, 0, 0
388212, 0, 1, 0
388219, 0, 0, 0
388225, 0, 1, 0
388232, 0, 0, 0
388238, 0, 1, 0
388245, 0, 0, 0
388251, 0, 1, 0
388258, 0, 0, 0
388263, 0, 1, 0
388270, 0, 0, 0
388276, 0, 1, 0
388283, 0, 0, 0
388289, 0, 1, 0
388296, 0, 0, 0
388302, 0, 1, 0
388309, 0, 0, 0
388315, 0, 1, 0
388322, 0, 0, 0
388327, 0, 1, 0
388334, 0, 0, 0
388340, 0, 1, 0
388347, 0, 0, 0
388353, 0, 1, 0
388360, 0, 0, 0
388366, 0, 1, 0
388373, 0, 0, 0
388379, 0, 1, 0
388386, 0, 0, 0
388391, 0, 1, 0
388398, 0, 0, 0
388404, 0, 1, 0
388411, 0, 0, 0
388417, 0, 1, 0
388424, 0, 0, 0
388430, 0, 1, 0
388437, 0, 0, 0
388443, 0, 1, 0
388450, 0, 0, 0
388455, 0, 1, 0
388462, 0, 0, 0
388468, 0, 1, 0
388475, 0, 0, 0
388481, 0, 1, 0
388488, 0, 0, 0
388494, 0, 1, 0
388501, 0, 0, 0
388507, 0, 1, 0
388514, 0, 0, 0
388519, 0, 1, 0
388526, 0, 0, 0
388532, 0, 1, 0
388539, 0, 0, 0
388545, 0, 1, 0
388552, 0, 0, 0
388558, 0, 1, 0
388565, 0, 0, 0
388571, 0, 1, 0
388578, 0, 0, 0
388583, 0, 1, 1
388590, 0, 0, 1
388596, 1, 1, 0
388603, 1, 0, 0
388609, 1, 1, 0
388616, 1, 0, 0
388622, 1, 1, 0
388629, 1, 0, 0
388635, 1, 1, 0
388642, 1, 0, 0
388647, 1, 1, 0
388654, 1, 0, 0
388660, 1, 1, 0
388667, 1, 0, 0
388673, 0, 1, 0
388680, 0, 0, 0
388685, 1, 0, 0
388686, 1, 1, 0
388693, 1, 0, 0
388699, 1, 1, 0
388706, 1, 0, 0
388711, 1, 1, 0
388718, 1, 0, 0
388724, 0, 1, 0
388731, 0, 0, 0
388737, 0, 1, 0
388744, 0, 0, 0
388750, 0, 1, 0
388757, 0, 0, 0
388763, 0, 1, 0
388770, 0, 0, 0
388775, 0, 1, 0
388782, 0, 0, 0
388788, 1, 1, 0
388795, 1, 0, 0
388801, 0, 1, 0
388808, 0, 0, 0
388814, 0, 1, 0
388821, 0, 0, 0
388827, 0, 1, 0
388834, 0, 0, 0
388839, 0, 1, 0
388846, 0, 0, 0
388852, 0, 1, 0
388859, 0, 0, 0
388865, 0, 1, 0
388872, 0, 0, 0
388878, 0, 1, 0
388885, 0, 0, 0
388891, 0, 1, 0
388898, 0, 0, 0
388903, 0, 1, 0
388910, 0, 0, 0
388916, 0, 1, 0
388923, 0, 0, 0
388929, 0, 1, 0
388936, 0, 0, 0
388942, 0, 1, 0
388949, 0, 0, 0
388955, 0, 1, 0
388962, 0, 0, 0
388967, 0, 1, 0
388974, 0, 0, 0
388980, 0, 1, 0
388987, 0, 0, 0
388993, 0, 1, 0
389000, 0, 0, 0
389006, 0, 1, 0
389013, 0, 0, 0
389019, 0, 1, 0
389026, 0, 0, 0
389031, 0, 1, 0
389038, 0, 0, 0
389044, 0, 1, 0
389051, 0, 0, 0
389057, 0, 1, 0
389064, 0, 0, 0
389070, 0, 1, 0
389077, 0, 0, 0
389083, 0, 1, 0
389090, 0, 0, 0
389095, 0, 1, 0
389102, 0, 0, 0
389108, 0, 1, 0
389115, 0, 0, 0
389121, 0, 1, 0
389128, 0, 0, 0
389134, 0, 1, 0
389141, 0, 0, 0
389147, 0, 1, 0
389154, 0, 0, 0
389159, 0, 1, 0
389166, 0, 0, 0
389172, 0, 1, 0
389179, 0, 0, 0
389185, 0, 1, 0
389192, 0, 0, 0
389198, 0, 1, 0
389205, 0, 0, 0
389211, 0, 1, 0
389218, 0, 0, 0
389223, 0, 1, 0
389230, 0, 0, 0
389236, 0, 1, 0
389243, 0, 0, 0
389249, 0, 1, 0
389256, 0, 0, 0
389262, 0, 1, 0
389269, 0, 0, 0
389275, 0, 1, 0
389282, 0, 0, 0
389287, 0, 1, 0
389294, 0, 0, 0
389300, 0, 1, 0
389307, 0, 0, 0
389313, 0, 1, 0
389320, 0, 0, 0
389326, 0, 1, 0
389333, 0, 0, 0
389339, 0, 1, 0
389346, 0, 0, 0
389351, 0, 1, 0
389358, 0, 0, 0
389364, 0, 1, 0
389371, 0, 0, 0
389377, 0, 1, 0
389384, 0, 0, 0
389390, 0, 1, 0
389397, 0, 0, 0
389403, 0, 1, 0
389410, 0, 0, 0
389415, 0, 1, 0
389422, 0, 0, 0
389428, 0, 1, 0
389435, 0, 0, 0
389441, 0, 1, 0
389448, 0, 0, 0
389454, 0, 1, 0
389461, 0, 0, 0
389467, 0, 1, 0
389474, 0, 0, 0
389479, 0, 1, 0
389486, 0, 0, 0
389492, 0, 1, 0
389499, 0, 0, 0
389505, 0, 1, 0
389512, 0, 0, 0
389518, 0, 1, 0
389525, 0, 0, 0
389531, 0, 1, 0
389538, 0, 0, 0
389543, 0, 1, 0
389550, 0, 0, 0
389556, 0, 1, 0
389563, 0, 0, 0
389569, 0, 1, 0
389576, 0, 0, 0
389582, 0, 1, 0
389589, 0, 0, 0
389595, 0, 1, 0
389602, 0, 0, 0
389607, 0, 1, 0
389614, 0, 0, 0
389620, 0, 1, 0
389627, 0, 0, 0
389633, 0, 1, 0
389640, 0, 0, 0
389646, 0, 1, 0
389653, 0, 0, 0
389659, 0, 1, 0
389666, 0, 0, 0
389671, 0, 1, 0
389678, 0, 0, 0
389684, 0, 1, 0
389691, 0, 0, 0
389697, 0, 1, 0
389704, 0, 0, 0
389710, 0, 1, 0
389717, 0, 0, 0
389723, 0, 1, 0
389730, 0, 0, 0
389735, 0, 1, 0
389742, 0, 0, 0
389748, 0, 1, 0
389755, 0, 0, 0
389761, 0, 1, 0
389768, 0, 0, 0
389774, 0, 1, 0
389781, 0, 0, 0
389787, 0, 1, 0
389794, 0, 0, 0
389799, 0, 1, 0
389806, 0, 0, 0
389812, 0, 1, 0
389819, 0, 0, 0
389825, 0, 1, 0
389832, 0, 0, 0
389838, 0, 1, 0
389845, 0, 0, 0
389851, 0, 1, 0
389858, 0, 0, 0
389863, 0, 1, 0
389870, 0, 0, 0
389876, 0, 1, 0
389883, 0, 0, 0
389889, 0, 1, 0
389896, 0, 0, 0
389902, 0, 1, 0
389909, 0, 0, 0
389915, 0, 1, 0
389922, 0, 0, 0
389927, 0, 1, 0
389934, 0, 0, 0
389940, 0, 1, 0
389947, 0, 0, 0
389953, 0, 1, 0
389960, 0, 0, 0
389966, 0, 1, 0
389973, 0, 0, 0
389979, 0, 1, 0
389986, 0, 0, 0
389991, 0, 1, 0
389998, 0, 0, 0
390004, 0, 1, 0
390011, 0, 0, 0
390017, 0, 1, 0
390024, 0, 0, 0
390030, 0, 1, 0
390037, 0, 0, 0
390043, 0, 1, 0
390050, 0, 0, 0
390055, 0, 1, 0
390062, 0, 0, 0
390068, 0, 1, 0
390075, 0, 0, 0
390081, 0, 1, 0
390088, 0, 0, 0
390094, 0, 1, 0
390101, 0, 0, 0
390107, 0, 1, 0
390114, 0, 0, 0
390119, 0, 1, 0
390126, 0, 0, 0
390132, 0, 1, 0
390139, 0, 0, 0
390145, 0, 1, 0
390152, 0, 0, 0
390158, 0, 1, 0
390165, 0, 0, 0
390171, 0, 1, 0
390178, 0, 0, 0
390183, 0, 1, 0
390190, 0, 0, 0
390196, 0, 1, 0
390203, 0, 0, 0
390209, 0, 1, 0
390216, 0, 0, 0
390222, 0, 1, 1
390229, 0, 0, 1
390234, 1, 0, 0
390235, 1, 1, 0
390242, 1, 0, 0
390247, 1, 1, 0
390254, 1, 0, 0
390260, 1, 1, 0
390267, 1, 0, 0
390273, 1, 1, 0
390280, 1, 0, 0
390286, 1, 1, 0
390293, 1, 0, 0
390299, 1, 1, 0
390306, 1, 0, 0
390311, 0, 1, 0
390318, 0, 0, 0
390324, 1, 1, 0
390331, 1, 0, 0
390337, 1, 1, 0
390344, 1, 0, 0
390350, 1, 1, 0
390357, 1, 0, 0
390362, 0, 0, 0
390363, 0, 1, 0
390370, 0, 0, 0
390375, 0, 1, 0
390382, 0, 0, 0
390388, 0, 1, 0
390395, 0, 0, 0
390401, 0, 1, 0
390408, 0, 0, 0
390414, 0, 1, 0
390421, 0, 0, 0
390426, 1, 0, 0
390427, 1, 1, 0
390434, 1, 0, 0
390439, 0, 1, 0
390446, 0, 0, 0
390452, 0, 1, 0
390459, 0, 0, 0
390465, 0, 1, 0
390472, 0, 0, 0
390478, 0, 1, 0
390485, 0, 0, 0
390491, 0, 1, 0
390498, 0, 0, 0
390503, 0, 1, 0
390510, 0, 0, 0
390516, 0, 1, 0
390523, 0, 0, 0
390529, 0, 1, 0
390536, 0, 0, 0
390542, 0, 1, 0
390549, 0, 0, 0
390555, 0, 1, 0
390562, 0, 0, 0
390567, 0, 1, 0
390574, 0, 0, 0
390580, 0, 1, 0
390587, 0, 0, 0
390593, 0, 1, 0
390600, 0, 0, 0
390606, 0, 1, 0
390613, 0, 0, 0
390619, 0, 1, 0
390626, 0, 0, 0
390631, 0, 1, 0
390638, 0, 0, 0
390644, 0, 1, 0
390651, 0, 0, 0
390657, 0, 1, 0
390664, 0, 0, 0
390670, 0, 1, 0
390677, 0, 0, 0
390683, 0, 1, 0
390690, 0, 0, 0
390695, 0, 1, 0
390702, 0, 0, 0
390708, 0, 1, 0
390715, 0, 0, 0
390721, 0, 1, 0
390728, 0, 0, 0
390734, 0, 1, 0
390741, 0, 0, 0
390747, 0, 1, 0
390754, 0, 0, 0
390759, 0, 1, 0
390766, 0, 0, 0
390772, 0, 1, 0
390779, 0, 0, 0
390785, 0, 1, 0
390792, 0, 0, 0
390798, 0, 1, 0
390805, 0, 0, 0
390811, 0, 1, 0
390818, 0, 0, 0
390823, 0, 1, 0
390830, 0, 0, 0
390836, 0, 1, 0
390843, 0, 0, 0
390849, 0, 1, 0
390856, 0, 0, 0
390862, 0, 1, 0
390869, 0, 0, 0
390875, 0, 1, 0
390882, 0, 0, 0
390887, 0, 1, 0
390894, 0, 0, 0
390900, 0, 1, 0
390907, 0, 0, 0
390913, 0, 1, 0
390920, 0, 0, 0
390926, 0, 1, 0
390933, 0, 0, 0
390939, 0, 1, 0
390946, 0, 0, 0
390951, 0, 1, 0
390958, 0, 0, 0
390964, 0, 1, 0
390971, 0, 0, 0
390977, 0, 1, 0
390984, 0, 0, 0
390990, 0, 1, 0
390997, 0, 0, 0
391003, 0, 1, 0
391010, 0, 0, 0
391015, 0, 1, 0
391022, 0, 0, 0
391028, 0, 1, 0
391035, 0, 0, 0
391041, 0, 1, 0
391048, 0, 0, 0
391054, 0, 1, 0
391061, 0, 0, 0
391067, 0, 1, 0
391074, 0, 0, 0
391079, 0, 1, 0
391086, 0, 0, 0
391092, 0, 1, 0
391099, 0, 0, 0
391105, 0, 1, 0
391112, 0, 0, 0
391118, 0, 1, 0
391125, 0, 0, 0
391131, 0, 1, 0
391138, 0, 0, 0
391143, 0, 1, 0
391150, 0, 0, 0
391156, 0, 1, 0
391163, 0, 0, 0
391169, 0, 1, 0
391176, 0, 0, 0
391182, 0, 1, 0
391189, 0, 0, 0
391195, 0, 1, 0
391202, 0, 0, 0
391207, 0, 1, 0
391214, 0, 0, 0
391220, 0, 1, 0
391227, 0, 0, 0
391233, 0, 1, 0
391240, 0, 0, 0
391246, 0, 1, 0
391253, 0, 0, 0
391259, 0, 1, 0
391266, 0, 0, 0
391271, 0, 1, 0
391278, 0, 0, 0
391284, 0, 1, 0
391291, 0, 0, 0
391297, 0, 1, 0
391304, 0, 0, 0
391310, 0, 1, 0
391317, 0, 0, 0
391323, 0, 1, 0
391330, 0, 0, 0
391335, 0, 1, 0
391342, 0, 0, 0
391348, 0, 1, 0
391355, 0, 0, 0
391361, 0, 1, 0
391368, 0, 0, 0
391374, 0, 1, 0
391381, 0, 0, 0
391387, 0, 1, 0
391394, 0, 0, 0
391399, 0, 1, 0
391406, 0, 0, 0
391412, 0, 1, 0
391419, 0, 0, 0
391425, 0, 1, 0
391432, 0, 0, 0
391438, 0, 1, 0
391445, 0, 0, 0
391451, 0, 1, 0
391458, 0, 0, 0
391463, 0, 1, 0
391470, 0, 0, 0
391476, 0, 1, 0
391483, 0, 0, 0
391489, 0, 1, 0
391496, 0, 0, 0
391502, 0, 1, 0
391509, 0, 0, 0
391515, 0, 1, 0
391522, 0, 0, 0
391527, 0, 1, 0
391534, 0, 0, 0
391540, 0, 1, 0
391547, 0, 0, 0
391553, 0, 1, 0
391560, 0, 0, 0
391566, 0, 1, 0
391573, 0, 0, 0
391579, 0, 1, 0
391586, 0, 0, 0
391591, 0, 1, 0
391598, 0, 0, 0
391604, 0, 1, 0
391611, 0, 0, 0
391617, 0, 1, 0
391624, 0, 0, 0
391630, 0, 1, 0
391637, 0, 0, 0
391643, 0, 1, 0
391650, 0, 0, 0
391655, 0, 1, 0
391662, 0, 0, 0
391668, 0, 1, 0
391675, 0, 0, 0
391681, 0, 1, 0
391688, 0, 0, 0
391694, 0, 1, 0
391701, 0, 0, 0
391707, 0, 1, 0
391714, 0, 0, 0
391719, 0, 1, 0
391726, 0, 0, 0
391732, 0, 1, 0
391739, 0, 0, 0
391745, 0, 1, 0
391752, 0, 0, 0
391758, 0, 1, 0
391765, 0, 0, 0
391771, 0, 1, 0
391778, 0, 0, 0
391783, 0, 1, 0
391790, 0, 0, 0
391796, 0, 1, 0
391803, 0, 0, 0
391809, 0, 1, 0
391816, 0, 0, 0
391822, 0, 1, 0
391829, 0, 0, 0
391835, 0, 1, 0
391842, 0, 0, 0
391847, 0, 1, 0
391854, 0, 0, 0
391860, 0, 1, 1
391867, 0, 0, 1
391873, 1, 1, 0
391880, 1, 0, 0
391886, 1, 1, 0
391893, 1, 0, 0
391899, 1, 1, 0
391906, 1, 0, 0
391911, 1, 1, 0
391919, 1, 0, 0
391924, 1, 1, 0
391931, 1, 0, 0
391937, 1, 1, 0
391944, 1, 0, 0
391949, 0, 0, 0
391950, 0, 1, 0
391957, 0, 0, 0
391962, 1, 0, 0
391963, 1, 1, 0
391970, 1, 0, 0
391975, 1, 1, 0
391983, 1, 0, 0
391988, 1, 1, 0
391995, 1, 0, 0
392001, 0, 1, 0
392008, 0, 0, 0
392014, 0, 1, 0
392021, 0, 0, 0
392027, 0, 1, 0
392034, 0, 0, 0
392039, 0, 1, 0
392047, 0, 0, 0
392052, 0, 1, 0
392059, 0, 0, 0
392065, 1, 1, 0
392072, 1, 0, 0
392077, 0, 0, 0
392078, 0, 1, 0
392085, 0, 0, 0
392091, 0, 1, 0
392098, 0, 0, 0
392103, 0, 1, 0
392111, 0, 0, 0
392116, 0, 1, 0
392123, 0, 0, 0
392129, 0, 1, 0
392136, 0, 0, 0
392142, 0, 1, 0
392149, 0, 0, 0
392155, 0, 1, 0
392162, 0, 0, 0
392167, 0, 1, 0
392175, 0, 0, 0
392180, 0, 1, 0
392187, 0, 0, 0
392193, 0, 1, 0
392200, 0, 0, 0
392206, 0, 1, 0
392213, 0, 0, 0
392219, 0, 1, 0
392226, 0, 0, 0
392231, 0, 1, 0
392239, 0, 0, 0
392244, 0, 1, 0
392251, 0, 0, 0
392257, 0, 1, 0
392264, 0, 0, 0
392270, 0, 1, 0
392277, 0, 0, 0
392283, 0, 1, 0
392290, 0, 0, 0
392295, 0, 1, 0
392303, 0, 0, 0
392308, 0, 1, 0
392315, 0, 0, 0
392321, 0, 1, 0
392328, 0, 0, 0
392334, 0, 1, 0
392341, 0, 0, 0
392347, 0, 1, 0
392354, 0, 0, 0
392359, 0, 1, 0
392367, 0, 0, 0
392372, 0, 1, 0
392379, 0, 0, 0
392385, 0, 1, 0
392392, 0, 0, 0
392398, 0, 1, 0
392405, 0, 0, 0
392411, 0, 1, 0
392418, 0, 0, 0
392423, 0, 1, 0
392431, 0, 0, 0
392436, 0, 1, 0
392443, 0, 0, 0
392449, 0, 1, 0
392456, 0, 0, 0
392462, 0, 1, 0
392469, 0, 0, 0
392475, 0, 1, 0
392482, 0, 0, 0
392487, 0, 1, 0
392495, 0, 0, 0
392500, 0, 1, 0
392507, 0, 0, 0
392513, 0, 1, 0
392520, 0, 0, 0
392526, 0, 1, 0
392533, 0, 0, 0
392539, 0, 1, 0
392546, 0, 0, 0
392551, 0, 1, 0
392559, 0, 0, 0
392564, 0, 1, 0
392571, 0, 0, 0
392577, 0, 1, 0
392584, 0, 0, 0
392590, 0, 1, 0
392597, 0, 0, 0
392603, 0, 1, 0
392610, 0, 0, 0
392616, 0, 1, 0
392623, 0, 0, 0
392628, 0, 1, 0
392635, 0, 0, 0
392641, 0, 1, 0
392648, 0, 0, 0
392654, 0, 1, 0
392661, 0, 0, 0
392667, 0, 1, 0
392674, 0, 0, 0
392680, 0, 1, 0
392687, 0, 0, 0
392692, 0, 1, 0
392699, 0, 0, 0
392705, 0, 1, 0
392712, 0, 0, 0
392718, 0, 1, 0
392725, 0, 0, 0
392731, 0, 1, 0
392738, 0, 0, 0
392744, 0, 1, 0
392751, 0, 0, 0
392756, 0, 1, 0
392763, 0, 0, 0
392769, 0, 1, 0
392776, 0, 0, 0
392782, 0, 1, 0
392789, 0, 0, 0
392795, 0, 1, 0
392802, 0, 0, 0
392808, 0, 1, 0
392815, 0, 0, 0
392820, 0, 1, 0
392827, 0, 0, 0
392833, 0, 1, 0
392840, 0, 0, 0
392846, 0, 1, 0
392853, 0, 0, 0
392859, 0, 1, 0
392866, 0, 0, 0
392872, 0, 1, 0
392879, 0, 0, 0
392884, 0, 1, 0
392891, 0, 0, 0
392897, 0, 1, 0
392904, 0, 0, 0
392910, 0, 1, 0
392917, 0, 0, 0
392923, 0, 1, 0
392930, 0, 0, 0
392936, 0, 1, 0
392943, 0, 0, 0
392948, 0, 1, 0
392955, 0, 0, 0
392961, 0, 1, 0
392968, 0, 0, 0
392974, 0, 1, 0
392981, 0, 0, 0
392987, 0, 1, 0
392994, 0, 0, 0
393000, 0, 1, 0
393007, 0, 0, 0
393012, 0, 1, 0
393019, 0, 0, 0
393025, 0, 1, 0
393032, 0, 0, 0
393038, 0, 1, 0
393045, 0, 0, 0
393051, 0, 1, 0
393058, 0, 0, 0
393064, 0, 1, 0
393071, 0, 0, 0
393076, 0, 1, 0
393083, 0, 0, 0
393089, 0, 1, 0
393096, 0, 0, 0
393102, 0, 1, 0
393109, 0, 0, 0
393115, 0, 1, 0
393122, 0, 0, 0
393128, 0, 1, 0
393135, 0, 0, 0
393140, 0, 1, 0
393147, 0, 0, 0
393153, 0, 1, 0
393160, 0, 0, 0
393166, 0, 1, 0
393173, 0, 0, 0
393179, 0, 1, 0
393186, 0, 0, 0
393192, 0, 1, 0
393199, 0, 0, 0
393204, 0, 1, 0
393211, 0, 0, 0
393217, 0, 1, 0
393224, 0, 0, 0
393230, 0, 1, 0
393237, 0, 0, 0
393243, 0, 1, 0
393250, 0, 0, 0
393256, 0, 1, 0
393263, 0, 0, 0
393268, 0, 1, 0
393275, 0, 0, 0
393281, 0, 1, 0
393288, 0, 0, 0
393294, 0, 1, 0
393301, 0, 0, 0
393307, 0, 1, 0
393314, 0, 0, 0
393320, 0, 1, 0
393327, 0, 0, 0
393332, 0, 1, 0
393339, 0, 0, 0
393345, 0, 1, 0
393352, 0, 0, 0
393358, 0, 1, 0
393365, 0, 0, 0
393371, 0, 1, 0
393378, 0, 0, 0
393384, 0, 1, 0
393391, 0, 0, 0
393396, 0, 1, 0
393403, 0, 0, 0
393409, 0, 1, 0
393416, 0, 0, 0
393422, 0, 1, 0
393429, 0, 0, 0
393435, 0, 1, 0
393442, 0, 0, 0
393448, 0, 1, 0
393455, 0, 0, 0
393460, 0, 1, 0
393467, 0, 0, 0
393473, 0, 1, 0
393480, 0, 0, 0
393486, 0, 1, 0
393493, 0, 0, 0
393498, 0, 0, 1
393499, 0, 1, 1
393506, 0, 0, 1
393511, 1, 0, 0
393512, 1, 1, 0
393519, 1, 0, 0
393524, 1, 1, 0
393531, 1, 0, 0
393537, 1, 1, 0
393544, 1, 0, 0
393550, 1, 1, 0
393557, 1, 0, 0
393563, 1, 1, 0
393570, 1, 0, 0
393576, 1, 1, 0
393583, 1, 0, 0
393588, 0, 1, 0
393595, 0, 0, 0
393601, 1, 1, 0
393608, 1, 0, 0
393614, 1, 1, 0
393621, 1, 0, 0
393627, 1, 1, 0
393634, 1, 0, 0
393639, 0, 0, 0
393640, 0, 1, 0
393647, 0, 0, 0
393652, 0, 1, 0
393659, 0, 0, 0
393665, 0, 1, 0
393672, 0, 0, 0
393678, 0, 1, 0
393685, 0, 0, 0
393691, 0, 1, 0
393698, 0, 0, 0
393703, 1, 0, 0
393704, 1, 1, 0
393711, 1, 0, 0
393716, 0, 1, 0
393723, 0, 0, 0
393729, 0, 1, 0
393736, 0, 0, 0
393742, 0, 1, 0
393749, 0, 0, 0
393755, 0, 1, 0
393762, 0, 0, 0
393768, 0, 1, 0
393775, 0, 0, 0
393780, 0, 1, 0
393787, 0, 0, 0
393793, 0, 1, 0
393800, 0, 0, 0
393806, 0, 1, 0
393813, 0, 0, 0
393819, 0, 1, 0
393826, 0, 0, 0
393832, 0, 1, 0
393839, 0, 0, 0
393844, 0, 1, 0
393851, 0, 0, 0
393857, 0, 1, 0
393864, 0, 0, 0
393870, 0, 1, 0
393877, 0, 0, 0
393883, 0, 1, 0
393890, 0, 0, 0
393896, 0, 1, 0
393903, 0, 0, 0
393908, 0, 1, 0
393915, 0, 0, 0
393921, 0, 1, 0
393928, 0, 0, 0
393934, 0, 1, 0
393941, 0, 0, 0
393947, 0, 1, 0
393954, 0, 0, 0
393960, 0, 1, 0
393967, 0, 0, 0
393972, 0, 1, 0
393979, 0, 0, 0
393985, 0, 1, 0
393992, 0, 0, 0
393998, 0, 1, 0
394005, 0, 0, 0
394011, 0, 1, 0
394018, 0, 0, 0
394024, 0, 1, 0
394031, 0, 0, 0
394036, 0, 1, 0
394043, 0, 0, 0
394049, 0, 1, 0
394056, 0, 0, 0
394062, 0, 1, 0
394069, 0, 0, 0
394075, 0, 1, 0
394082, 0, 0, 0
394088, 0, 1, 0
394095, 0, 0, 0
394100, 0, 1, 0
394107, 0, 0, 0
394113, 0, 1, 0
394120, 0, 0, 0
394126, 0, 1, 0
394133, 0, 0, 0
394139, 0, 1, 0
394146, 0, 0, 0
394152, 0, 1, 0
394159, 0, 0, 0
394164, 0, 1, 0
394171, 0, 0, 0
394177, 0, 1, 0
394184, 0, 0, 0
394190, 0, 1, 0
394197, 0, 0, 0
394203, 0, 1, 0
394210, 0, 0, 0
394216, 0, 1, 0
394223, 0, 0, 0
394228, 0, 1, 0
394235, 0, 0, 0
394241, 0, 1, 0
394248, 0, 0, 0
394254, 0, 1, 0
394261, 0, 0, 0
394267, 0, 1, 0
394274, 0, 0, 0
394280, 0, 1, 0
394287, 0, 0, 0
394292, 0, 1, 0
394299, 0, 0, 0
394305, 0, 1, 0
394312, 0, 0, 0
394318, 0, 1, 0
394325, 0, 0, 0
394331, 0, 1, 0
394338, 0, 0, 0
394344, 0, 1, 0
394351, 0, 0, 0
394356, 0, 1, 0
394363, 0, 0, 0
394369, 0, 1, 0
394376, 0, 0, 0
394382, 0, 1, 0
394389, 0, 0, 0
394395, 0, 1, 0
394402, 0, 0, 0
394408, 0, 1, 0
394415, 0, 0, 0
394420, 0, 1, 0
394427, 0, 0, 0
394433, 0, 1, 0
394440, 0, 0, 0
394446, 0, 1, 0
394453, 0, 0, 0
394459, 0, 1, 0
394466, 0, 0, 0
394472, 0, 1, 0
394479, 0, 0, 0
394484, 0, 1, 0
394491, 0, 0, 0
394497, 0, 1, 0
394504, 0, 0, 0
394510, 0, 1, 0
394517, 0, 0, 0
394523, 0, 1, 0
394530, 0, 0, 0
394536, 0, 1, 0
394543, 0, 0, 0
394548, 0, 1, 0
394555, 0, 0, 0
394561, 0, 1, 0
394568, 0, 0, 0
394574, 0, 1, 0
394581, 0, 0, 0
394587, 0, 1, 0
394594, 0, 0, 0
394600, 0, 1, 0
394607, 0, 0, 0
394612, 0, 1, 0
394619, 0, 0, 0
394625, 0, 1, 0
394632, 0, 0, 0
394638, 0, 1, 0
394645, 0, 0, 0
394651, 0, 1, 0
394658, 0, 0, 0
394664, 0, 1, 0
394671, 0, 0, 0
394676, 0, 1, 0
394683, 0, 0, 0
394689, 0, 1, 0
394696, 0, 0, 0
394702, 0, 1, 0
394709, 0, 0, 0
394715, 0, 1, 0
394722, 0, 0, 0
394728, 0, 1, 0
394735, 0, 0, 0
394740, 0, 1, 0
394747, 0, 0, 0
394753, 0, 1, 0
394760, 0, 0, 0
394766, 0, 1, 0
394773, 0, 0, 0
394779, 0, 1, 0
394786, 0, 0, 0
394792, 0, 1, 0
394799, 0, 0, 0
394804, 0, 1, 0
394811, 0, 0, 0
394817, 0, 1, 0
394824, 0, 0, 0
394830, 0, 1, 0
394837, 0, 0, 0
394843, 0, 1, 0
394850, 0, 0, 0
394856, 0, 1, 0
394863, 0, 0, 0
394868, 0, 1, 0
394875, 0, 0, 0
394881, 0, 1, 0
394888, 0, 0, 0
394894, 0, 1, 0
394901, 0, 0, 0
394907, 0, 1, 0
394914, 0, 0, 0
394920, 0, 1, 0
394927, 0, 0, 0
394932, 0, 1, 0
394939, 0, 0, 0
394945, 0, 1, 0
394952, 0, 0, 0
394958, 0, 1, 0
394965, 0, 0, 0
394971, 0, 1, 0
394978, 0, 0, 0
394984, 0, 1, 0
394991, 0, 0, 0
394996, 0, 1, 0
395003, 0, 0, 0
395009, 0, 1, 0
395016, 0, 0, 0
395022, 0, 1, 0
395029, 0, 0, 0
395035, 0, 1, 0
395042, 0, 0, 0
395048, 0, 1, 0
395055, 0, 0, 0
395060, 0, 1, 0
395067, 0, 0, 0
395073, 0, 1, 0
395080, 0, 0, 0
395086, 0, 1, 0
395093, 0, 0, 0
395099, 0, 1, 0
395106, 0, 0, 0
395112, 0, 1, 0
395119, 0, 0, 0
395124, 0, 1, 0
395131, 0, 0, 0
395137, 0, 1, 1
395144, 0, 0, 1
395150, 1, 1, 0
395157, 1, 0, 0
395163, 1, 1, 0
395170, 1, 0, 0
395176, 1, 1, 0
395183, 1, 0, 0
395188, 1, 1, 0
395195, 1, 0, 0
395201, 1, 1, 0
395208, 1, 0, 0
395214, 1, 1, 0
395221, 1, 0, 0
395226, 0, 0, 0
395227, 0, 1, 0
395234, 0, 0, 0
395239, 1, 0, 0
395240, 1, 1, 0
395247, 1, 0, 0
395252, 1, 1, 0
395259, 1, 0, 0
395265, 1, 1, 0
395272, 1, 0, 0
395278, 0, 1, 0
395285, 0, 0, 0
395291, 0, 1, 0
395298, 0, 0, 0
395304, 0, 1, 0
395311, 0, 0, 0
395316, 0, 1, 0
395323, 0, 0, 0
395329, 0, 1, 0
395336, 0, 0, 0
395342, 1, 1, 0
395349, 1, 0, 0
395354, 0, 0, 0
395355, 0, 1, 0
395362, 0, 0, 0
395368, 0, 1, 0
395375, 0, 0, 0
395380, 0, 1, 0
395387, 0, 0, 0
395393, 0, 1, 0
395400, 0, 0, 0
395406, 0, 1, 0
395413, 0, 0, 0
395419, 0, 1, 0
395426, 0, 0, 0
395432, 0, 1, 0
395439, 0, 0, 0
395444, 0, 1, 0
395451, 0, 0, 0
395457, 0, 1, 0
395464, 0, 0, 0
395470, 0, 1, 0
395477, 0, 0, 0
395483, 0, 1, 0
395490, 0, 0, 0
395496, 0, 1, 0
395503, 0, 0, 0
395508, 0, 1, 0
395515, 0, 0, 0
395521, 0, 1, 0
395528, 0, 0, 0
395534, 0, 1, 0
395541, 0, 0, 0
395547, 0, 1, 0
395554, 0, 0, 0
395560, 0, 1, 0
395567, 0, 0, 0
395572, 0, 1, 0
395579, 0, 0, 0
395585, 0, 1, 0
395592, 0, 0, 0
395598, 0, 1, 0
395605, 0, 0, 0
395611, 0, 1, 0
395618, 0, 0, 0
395624, 0, 1, 0
395631, 0, 0, 0
395636, 0, 1, 0
395643, 0, 0, 0
395649, 0, 1, 0
395656, 0, 0, 0
395662, 0, 1, 0
395669, 0, 0, 0
395675, 0, 1, 0
395682, 0, 0, 0
395688, 0, 1, 0
395695, 0, 0, 0
395700, 0, 1, 0
395707, 0, 0, 0
395713, 0, 1, 0
395720, 0, 0, 0
395726, 0, 1, 0
395733, 0, 0, 0
395739, 0, 1, 0
395746, 0, 0, 0
395752, 0, 1, 0
395759, 0, 0, 0
395764, 0, 1, 0
395771, 0, 0, 0
395777, 0, 1, 0
395784, 0, 0, 0
395790, 0, 1, 0
395797, 0, 0, 0
395803, 0, 1, 0
395810, 0, 0, 0
395816, 0, 1, 0
395823, 0, 0, 0
395828, 0, 1, 0
395835, 0, 0, 0
395841, 0, 1, 0
395848, 0, 0, 0
395854, 0, 1, 0
395861, 0, 0, 0
395867, 0, 1, 0
395874, 0, 0, 0
395880, 0, 1, 0
395887, 0, 0, 0
395892, 0, 1, 0
395899, 0, 0, 0
395905, 0, 1, 0
395912, 0, 0, 0
395918, 0, 1, 0
395925, 0, 0, 0
395931, 0, 1, 0
395938, 0, 0, 0
395944, 0, 1, 0
395951, 0, 0, 0
395956, 0, 1, 0
395963, 0, 0, 0
395969, 0, 1, 0
395976, 0, 0, 0
395982, 0, 1, 0
395989, 0, 0, 0
395995, 0, 1, 0
396002, 0, 0, 0
396008, 0, 1, 0
396015, 0, 0, 0
396020, 0, 1, 0
396027, 0, 0, 0
396033, 0, 1, 0
396040, 0, 0, 0
396046, 0, 1, 0
396053, 0, 0, 0
396059, 0, 1, 0
396066, 0, 0, 0
396072, 0, 1, 0
396079, 0, 0, 0
396084, 0, 1, 0
396091, 0, 0, 0
396097, 0, 1, 0
396104, 0, 0, 0
396110, 0, 1, 0
396117, 0, 0, 0
396123, 0, 1, 0
396130, 0, 0, 0
396136, 0, 1, 0
396143, 0, 0, 0
396148, 0, 1, 0
396155, 0, 0, 0
396161, 0, 1, 0
396168, 0, 0, 0
396174, 0, 1, 0
396181, 0, 0, 0
396187, 0, 1, 0
396194, 0, 0, 0
396200, 0, 1, 0
396207, 0, 0, 0
396212, 0, 1, 0
396219, 0, 0, 0
396225, 0, 1, 0
396232, 0, 0, 0
396238, 0, 1, 0
396245, 0, 0, 0
396251, 0, 1, 0
396258, 0, 0, 0
396264, 0, 1, 0
396271, 0, 0, 0
396276, 0, 1, 0
396283, 0, 0, 0
396289, 0, 1, 0
396296, 0, 0, 0
396302, 0, 1, 0
396309, 0, 0, 0
396315, 0, 1, 0
396322, 0, 0, 0
396328, 0, 1, 0
396335, 0, 0, 0
396340, 0, 1, 0
396347, 0, 0, 0
396353, 0, 1, 0
396360, 0, 0, 0
396366, 0, 1, 0
396373, 0, 0, 0
396379, 0, 1, 0
396386, 0, 0, 0
396392, 0, 1, 0
396399, 0, 0, 0
396404, 0, 1, 0
396411, 0, 0, 0
396417, 0, 1, 0
396424, 0, 0, 0
396430, 0, 1, 0
396437, 0, 0, 0
396443, 0, 1, 0
396450, 0, 0, 0
396456, 0, 1, 0
396463, 0, 0, 0
396468, 0, 1, 0
396475, 0, 0, 0
396481, 0, 1, 0
396488, 0, 0, 0
396494, 0, 1, 0
396501, 0, 0, 0
396507, 0, 1, 0
396514, 0, 0, 0
396520, 0, 1, 0
396527, 0, 0, 0
396532, 0, 1, 0
396539, 0, 0, 0
396545, 0, 1, 0
396552, 0, 0, 0
396558, 0, 1, 0
396565, 0, 0, 0
396571, 0, 1, 0
396578, 0, 0, 0
396584, 0, 1, 0
396591, 0, 0, 0
396596, 0, 1, 0
396603, 0, 0, 0
396609, 0, 1, 0
396616, 0, 0, 0
396622, 0, 1, 0
396629, 0, 0, 0
396635, 0, 1, 0
396642, 0, 0, 0
396648, 0, 1, 0
396655, 0, 0, 0
396660, 0, 1, 0
396667, 0, 0, 0
396673, 0, 1, 0
396680, 0, 0, 0
396686, 0, 1, 0
396693, 0, 0, 0
396699, 0, 1, 0
396706, 0, 0, 0
396712, 0, 1, 0
396719, 0, 0, 0
396724, 0, 1, 0
396731, 0, 0, 0
396737, 0, 1, 0
396744, 0, 0, 0
396750, 0, 1, 0
396757, 0, 0, 0
396763, 0, 1, 0
396770, 0, 0, 0
396775, 0, 0, 1
396776, 0, 1, 1
396783, 0, 0, 1
396788, 0, 0, 0
